  2.000000000000000E-003  2.000000000000000E-003 -0.288573619289087     
  2.000000000000000E-003  0.298270416666667      -0.288426847707547     
  2.000000000000000E-003  0.594540833333333      -0.280975830464696     
  2.000000000000000E-003  0.890811250000000      -0.271071935512907     
  2.000000000000000E-003   1.18708166666667      -0.260534703120396     
  2.000000000000000E-003   1.48335208333333      -0.250047855967431     
  2.000000000000000E-003   1.77962250000000      -0.240013646452101     
  2.000000000000000E-003   2.07589291666667      -0.230613230374360     
  2.000000000000000E-003   2.37216333333333      -0.221887889666994     
  2.000000000000000E-003   2.66843375000000      -0.213812251475843     
  2.000000000000000E-003   2.96470416666667      -0.206218951587224     
  2.000000000000000E-003   3.26097458333333      -0.198950571352142     
  2.000000000000000E-003   3.55724500000000      -0.191880968002840     
  2.000000000000000E-003   3.85351541666667      -0.184952596061952     
  2.000000000000000E-003   4.14978583333333      -0.178203519595818     
  2.000000000000000E-003   4.44605625000000      -0.171744980788293     
  2.000000000000000E-003   4.74232666666667      -0.165708105426165     
  2.000000000000000E-003   5.03859708333333      -0.160191471598844     
  2.000000000000000E-003   5.33486750000000      -0.155268803439523     
  2.000000000000000E-003   5.63113791666667      -0.150942451681521     
  2.000000000000000E-003   5.92740833333333      -0.147166927290764     
  2.000000000000000E-003   6.22367875000000      -0.143846151316154     
  2.000000000000000E-003   6.51994916666667      -0.140885514787512     
  2.000000000000000E-003   6.81621958333333      -0.138044543556480     
  2.000000000000000E-003   7.11249000000000      -0.134342291622831     
  0.298270416666667       2.000000000000000E-003 -0.313877419336061     
  0.298270416666667       0.298270416666667      -0.307447676751541     
  0.298270416666667       0.594540833333333      -0.298490489949870     
  0.298270416666667       0.890811250000000      -0.288403056393334     
  0.298270416666667        1.18708166666667      -0.277114729236601     
  0.298270416666667        1.48335208333333      -0.265456841910723     
  0.298270416666667        1.77962250000000      -0.254076407378800     
  0.298270416666667        2.07589291666667      -0.243290494625741     
  0.298270416666667        2.37216333333333      -0.233234794621389     
  0.298270416666667        2.66843375000000      -0.223945437893928     
  0.298270416666667        2.96470416666667      -0.215238312852553     
  0.298270416666667        3.26097458333333      -0.206948187789495     
  0.298270416666667        3.55724500000000      -0.198951539003605     
  0.298270416666667        3.85351541666667      -0.191195693277123     
  0.298270416666667        4.14978583333333      -0.183716000903368     
  0.298270416666667        4.44605625000000      -0.176614155801927     
  0.298270416666667        4.74232666666667      -0.170012346636684     
  0.298270416666667        5.03859708333333      -0.164008613669409     
  0.298270416666667        5.33486750000000      -0.158659924934964     
  0.298270416666667        5.63113791666667      -0.153970972766935     
  0.298270416666667        5.92740833333333      -0.149903804214824     
  0.298270416666667        6.22367875000000      -0.146381070466363     
  0.298270416666667        6.51994916666667      -0.143296183031362     
  0.298270416666667        6.81621958333333      -0.140350238038180     
  0.298270416666667        7.11249000000000      -0.136578549340427     
  0.594540833333333       2.000000000000000E-003 -0.335711249008963     
  0.594540833333333       0.298270416666667      -0.328929950606255     
  0.594540833333333       0.594540833333333      -0.317692817602146     
  0.594540833333333       0.890811250000000      -0.306357301110767     
  0.594540833333333        1.18708166666667      -0.294167383894983     
  0.594540833333333        1.48335208333333      -0.281389169764278     
  0.594540833333333        1.77962250000000      -0.268689694176361     
  0.594540833333333        2.07589291666667      -0.256517593338093     
  0.594540833333333        2.37216333333333      -0.245125038677176     
  0.594540833333333        2.66843375000000      -0.234557858059662     
  0.594540833333333        2.96470416666667      -0.224648007846258     
  0.594540833333333        3.26097458333333      -0.215240126598969     
  0.594540833333333        3.55724500000000      -0.206221483247242     
  0.594540833333333        3.85351541666667      -0.197551396332316     
  0.594540833333333        4.14978583333333      -0.189267527087176     
  0.594540833333333        4.44605625000000      -0.181461845774945     
  0.594540833333333        4.74232666666667      -0.174242121752950     
  0.594540833333333        5.03859708333333      -0.167696179149552     
  0.594540833333333        5.33486750000000      -0.161870784330542     
  0.594540833333333        5.63113791666667      -0.156756419127837     
  0.594540833333333        5.92740833333333      -0.152322535088643     
  0.594540833333333        6.22367875000000      -0.148486248385208     
  0.594540833333333        6.51994916666667      -0.145054980264139     
  0.594540833333333        6.81621958333333      -0.141602664568116     
  0.594540833333333        7.11249000000000      -0.137601093332419     
  0.890811250000000       2.000000000000000E-003 -0.355880546232969     
  0.890811250000000       0.298270416666667      -0.350816446634586     
  0.890811250000000       0.594540833333333      -0.339774120622009     
  0.890811250000000       0.890811250000000      -0.326866477533095     
  0.890811250000000        1.18708166666667      -0.312995971110809     
  0.890811250000000        1.48335208333333      -0.298585616674961     
  0.890811250000000        1.77962250000000      -0.284253265924964     
  0.890811250000000        2.07589291666667      -0.270523711580921     
  0.890811250000000        2.37216333333333      -0.257700350471262     
  0.890811250000000        2.66843375000000      -0.245760395242768     
  0.890811250000000        2.96470416666667      -0.234561857970101     
  0.890811250000000        3.26097458333333      -0.223950773702116     
  0.890811250000000        3.55724500000000      -0.213817497993779     
  0.890811250000000        3.85351541666667      -0.204135809074367     
  0.890811250000000        4.14978583333333      -0.194956707266850     
  0.890811250000000        4.44605625000000      -0.186368839317090     
  0.890811250000000        4.74232666666667      -0.178460323660071     
  0.890811250000000        5.03859708333333      -0.171299615921565     
  0.890811250000000        5.33486750000000      -0.164921294655805     
  0.890811250000000        5.63113791666667      -0.159299824498937     
  0.890811250000000        5.92740833333333      -0.154393951550923     
  0.890811250000000        6.22367875000000      -0.150096653672098     
  0.890811250000000        6.51994916666667      -0.146177221590153     
  0.890811250000000        6.81621958333333      -0.142275973072268     
  0.890811250000000        7.11249000000000      -0.138138407225891     
   1.18708166666667       2.000000000000000E-003 -0.379201944414368     
   1.18708166666667       0.298270416666667      -0.375037278106819     
   1.18708166666667       0.594540833333333      -0.364418992862218     
   1.18708166666667       0.890811250000000      -0.350222383827955     
   1.18708166666667        1.18708166666667      -0.334262903585062     
   1.18708166666667        1.48335208333333      -0.317625823986223     
   1.18708166666667        1.77962250000000      -0.301196801602950     
   1.18708166666667        2.07589291666667      -0.285635576946157     
   1.18708166666667        2.37216333333333      -0.271157511187051     
   1.18708166666667        2.66843375000000      -0.257707929805476     
   1.18708166666667        2.96470416666667      -0.245136276412352     
   1.18708166666667        3.26097458333333      -0.233246236715145     
   1.18708166666667        3.55724500000000      -0.221897415167120     
   1.18708166666667        3.85351541666667      -0.211078154314214     
   1.18708166666667        4.14978583333333      -0.200880718683092     
   1.18708166666667        4.44605625000000      -0.191410959536840     
   1.18708166666667        4.74232666666667      -0.182733106884253     
   1.18708166666667        5.03859708333333      -0.174877986487267     
   1.18708166666667        5.33486750000000      -0.167863641272590     
   1.18708166666667        5.63113791666667      -0.161663568140258     
   1.18708166666667        5.92740833333333      -0.156217340703964     
   1.18708166666667        6.22367875000000      -0.151409378207115     
   1.18708166666667        6.51994916666667      -0.147023482763026     
   1.18708166666667        6.81621958333333      -0.142786000155613     
   1.18708166666667        7.11249000000000      -0.138525809260974     
   1.48335208333333       2.000000000000000E-003 -0.407083942699526     
   1.48335208333333       0.298270416666667      -0.403104094784731     
   1.48335208333333       0.594540833333333      -0.392149203099650     
   1.48335208333333       0.890811250000000      -0.376457865715501     
   1.48335208333333        1.18708166666667      -0.358063237316875     
   1.48335208333333        1.48335208333333      -0.338716407483359     
   1.48335208333333        1.77962250000000      -0.319803082434216     
   1.48335208333333        2.07589291666667      -0.302060844577815     
   1.48335208333333        2.37216333333333      -0.285647192759718     
   1.48335208333333        2.66843375000000      -0.270543222942064     
   1.48335208333333        2.96470416666667      -0.256539924927868     
   1.48335208333333        3.26097458333333      -0.243310973278382     
   1.48335208333333        3.55724500000000      -0.230628542640615     
   1.48335208333333        3.85351541666667      -0.218489840693482     
   1.48335208333333        4.14978583333333      -0.207082276124494     
   1.48335208333333        4.44605625000000      -0.196603093459863     
   1.48335208333333        4.74232666666667      -0.187079305697297     
   1.48335208333333        5.03859708333333      -0.178469777777271     
   1.48335208333333        5.33486750000000      -0.170752707098391     
   1.48335208333333        5.63113791666667      -0.163921734958865     
   1.48335208333333        5.92740833333333      -0.157911555412570     
   1.48335208333333        6.22367875000000      -0.152611980153727     
   1.48335208333333        6.51994916666667      -0.147822298761724     
   1.48335208333333        6.81621958333333      -0.143307454812322     
   1.48335208333333        7.11249000000000      -0.138904239416611     
   1.77962250000000       2.000000000000000E-003 -0.439338455332925     
   1.77962250000000       0.298270416666667      -0.435169680357213     
   1.77962250000000       0.594540833333333      -0.423149999702844     
   1.77962250000000       0.890811250000000      -0.405359025875708     
   1.77962250000000        1.18708166666667      -0.384148671700675     
   1.77962250000000        1.48335208333333      -0.361815854862576     
   1.77962250000000        1.77962250000000      -0.340130229613922     
   1.77962250000000        2.07589291666667      -0.319818407104365     
   1.77962250000000        2.37216333333333      -0.301223928721332     
   1.77962250000000        2.66843375000000      -0.284287181424513     
   1.77962250000000        2.96470416666667      -0.268724646261267     
   1.77962250000000        3.26097458333333      -0.254106708094884     
   1.77962250000000        3.55724500000000      -0.240035809062670     
   1.77962250000000        3.85351541666667      -0.226466734159261     
   1.77962250000000        4.14978583333333      -0.213667797332818     
   1.77962250000000        4.44605625000000      -0.201959903662216     
   1.77962250000000        4.74232666666667      -0.191452665241726     
   1.77962250000000        5.03859708333333      -0.182055792131697     
   1.77962250000000        5.33486750000000      -0.173613414934182     
   1.77962250000000        5.63113791666667      -0.166114968575585     
   1.77962250000000        5.92740833333333      -0.159544851795560     
   1.77962250000000        6.22367875000000      -0.153793838407428     
   1.77962250000000        6.51994916666667      -0.148662981405380     
   1.77962250000000        6.81621958333333      -0.143913531005097     
   1.77962250000000        7.11249000000000      -0.139363321422631     
   2.07589291666667       2.000000000000000E-003 -0.475084943729879     
   2.07589291666667       0.298270416666667      -0.470253821394846     
   2.07589291666667       0.594540833333333      -0.456768928635790     
   2.07589291666667       0.890811250000000      -0.436408077369256     
   2.07589291666667        1.18708166666667      -0.412252606755019     
   2.07589291666667        1.48335208333333      -0.386734804158321     
   2.07589291666667        1.77962250000000      -0.361834076796646     
   2.07589291666667        2.07589291666667      -0.338751421125087     
   2.07589291666667        2.37216333333333      -0.317669737243465     
   2.07589291666667        2.66843375000000      -0.298634834736597     
   2.07589291666667        2.96470416666667      -0.281439043569191     
   2.07589291666667        3.26097458333333      -0.265499586213423     
   2.07589291666667        3.55724500000000      -0.250079445824317     
   2.07589291666667        3.85351541666667      -0.234961839654397     
   2.07589291666667        4.14978583333333      -0.220608555752772     
   2.07589291666667        4.44605625000000      -0.207539222127622     
   2.07589291666667        4.74232666666667      -0.195892677115416     
   2.07589291666667        5.03859708333333      -0.185570957305874     
   2.07589291666667        5.33486750000000      -0.176400673817377     
   2.07589291666667        5.63113791666667      -0.168256721517272     
   2.07589291666667        5.92740833333333      -0.161137054900981     
   2.07589291666667        6.22367875000000      -0.154969652421654     
   2.07589291666667        6.51994916666667      -0.149550696728648     
   2.07589291666667        6.81621958333333      -0.144610669275855     
   2.07589291666667        7.11249000000000      -0.139928765721187     
   2.37216333333333       2.000000000000000E-003 -0.513172989165906     
   2.37216333333333       0.298270416666667      -0.507849492527631     
   2.37216333333333       0.594540833333333      -0.492600096045547     
   2.37216333333333       0.890811250000000      -0.469542602257648     
   2.37216333333333        1.18708166666667      -0.441669874169204     
   2.37216333333333        1.48335208333333      -0.412268934263403     
   2.37216333333333        1.77962250000000      -0.384184362383924     
   2.37216333333333        2.07589291666667      -0.358117196580996     
   2.37216333333333        2.37216333333333      -0.334322278347767     
   2.37216333333333        2.66843375000000      -0.313059045068222     
   2.37216333333333        2.96470416666667      -0.294230625155755     
   2.37216333333333        3.26097458333333      -0.277174166597910     
   2.37216333333333        3.55724500000000      -0.260576236590478     
   2.37216333333333        3.85351541666667      -0.243812131406569     
   2.37216333333333        4.14978583333333      -0.227767803823353     
   2.37216333333333        4.44605625000000      -0.213271689310500     
   2.37216333333333        4.74232666666667      -0.200373049462627     
   2.37216333333333        5.03859708333333      -0.188968961122106     
   2.37216333333333        5.33486750000000      -0.178995229947706     
   2.37216333333333        5.63113791666667      -0.170272496751092     
   2.37216333333333        5.92740833333333      -0.162664481509970     
   2.37216333333333        6.22367875000000      -0.156120892555159     
   2.37216333333333        6.51994916666667      -0.150451670029613     
   2.37216333333333        6.81621958333333      -0.145357620381275     
   2.37216333333333        7.11249000000000      -0.140571200916633     
   2.66843375000000       2.000000000000000E-003 -0.552460946017169     
   2.66843375000000       0.298270416666667      -0.546292568954487     
   2.66843375000000       0.594540833333333      -0.528549746601057     
   2.66843375000000       0.890811250000000      -0.501717680623184     
   2.66843375000000        1.18708166666667      -0.469552027342502     
   2.66843375000000        1.48335208333333      -0.436443641914684     
   2.66843375000000        1.77962250000000      -0.405420460110267     
   2.66843375000000        2.07589291666667      -0.376532398652130     
   2.66843375000000        2.37216333333333      -0.350299308582006     
   2.66843375000000        2.66843375000000      -0.326942768546914     
   2.66843375000000        2.96470416666667      -0.306433631590380     
   2.66843375000000        3.26097458333333      -0.288477172347195     
   2.66843375000000        3.55724500000000      -0.271123087077090     
   2.66843375000000        3.85351541666667      -0.252676606432560     
   2.66843375000000        4.14978583333333      -0.235071321135397     
   2.66843375000000        4.44605625000000      -0.219259154654579     
   2.66843375000000        4.74232666666667      -0.204929609169928     
   2.66843375000000        5.03859708333333      -0.192201189040710     
   2.66843375000000        5.33486750000000      -0.181273258416559     
   2.66843375000000        5.63113791666667      -0.172022563293930     
   2.66843375000000        5.92740833333333      -0.164037886830130     
   2.66843375000000        6.22367875000000      -0.157187145713435     
   2.66843375000000        6.51994916666667      -0.151305153552085     
   2.66843375000000        6.81621958333333      -0.146081225044855     
   2.66843375000000        7.11249000000000      -0.141208440165950     
   2.96470416666667       2.000000000000000E-003 -0.586345674384921     
   2.96470416666667       0.298270416666667      -0.579264525643632     
   2.96470416666667       0.594540833333333      -0.558983460748899     
   2.96470416666667       0.890811250000000      -0.528558220169109     
   2.96470416666667        1.18708166666667      -0.492620147238836     
   2.96470416666667        1.48335208333333      -0.456833247313942     
   2.96470416666667        1.77962250000000      -0.423212852059581     
   2.96470416666667        2.07589291666667      -0.392237345367199     
   2.96470416666667        2.37216333333333      -0.364512847851942     
   2.96470416666667        2.66843375000000      -0.339872476673538     
   2.96470416666667        2.96470416666667      -0.317780539948247     
   2.96470416666667        3.26097458333333      -0.298574376009752     
   2.96470416666667        3.55724500000000      -0.281038496356257     
   2.96470416666667        3.85351541666667      -0.261195762896724     
   2.96470416666667        4.14978583333333      -0.242987316896706     
   2.96470416666667        4.44605625000000      -0.225898438327720     
   2.96470416666667        4.74232666666667      -0.209589654818791     
   2.96470416666667        5.03859708333333      -0.195160499760662     
   2.96470416666667        5.33486750000000      -0.183132557713867     
   2.96470416666667        5.63113791666667      -0.173342860872861     
   2.96470416666667        5.92740833333333      -0.165134294616709     
   2.96470416666667        6.22367875000000      -0.158070355196197     
   2.96470416666667        6.51994916666667      -0.152028828420914     
   2.96470416666667        6.81621958333333      -0.146703132558094     
   2.96470416666667        7.11249000000000      -0.141761566209593     
   3.26097458333333       2.000000000000000E-003 -0.609301201004575     
   3.26097458333333       0.298270416666667      -0.601482100310121     
   3.26097458333333       0.594540833333333      -0.579287806958213     
   3.26097458333333       0.890811250000000      -0.546319638987672     
   3.26097458333333        1.18708166666667      -0.507884608962077     
   3.26097458333333        1.48335208333333      -0.470319064462770     
   3.26097458333333        1.77962250000000      -0.435232510967946     
   3.26097458333333        2.07589291666667      -0.403185427080639     
   3.26097458333333        2.37216333333333      -0.375143658746586     
   3.26097458333333        2.66843375000000      -0.350933949020412     
   3.26097458333333        2.96470416666667      -0.329041288166674     
   3.26097458333333        3.26097458333333      -0.307531718256550     
   3.26097458333333        3.55724500000000      -0.288474343809711     
   3.26097458333333        3.85351541666667      -0.269717059893394     
   3.26097458333333        4.14978583333333      -0.252613590069452     
   3.26097458333333        4.44605625000000      -0.232880542090079     
   3.26097458333333        4.74232666666667      -0.213716436688789     
   3.26097458333333        5.03859708333333      -0.197433641853364     
   3.26097458333333        5.33486750000000      -0.184398125223907     
   3.26097458333333        5.63113791666667      -0.174165877400377     
   3.26097458333333        5.92740833333333      -0.165838025933337     
   3.26097458333333        6.22367875000000      -0.158659358592932     
   3.26097458333333        6.51994916666667      -0.152521511841084     
   3.26097458333333        6.81621958333333      -0.147130608859049     
   3.26097458333333        7.11249000000000      -0.142143383575463     
   3.55724500000000       2.000000000000000E-003 -0.617487346038418     
   3.55724500000000       0.298270416666667      -0.609354901629138     
   3.55724500000000       0.594540833333333      -0.586414532120634     
   3.55724500000000       0.890811250000000      -0.552519374661678     
   3.55724500000000        1.18708166666667      -0.513224204807106     
   3.55724500000000        1.48335208333333      -0.475156810781532     
   3.55724500000000        1.77962250000000      -0.439397365649658     
   3.55724500000000        2.07589291666667      -0.407155141478647     
   3.55724500000000        2.37216333333333      -0.379280425863242     
   3.55724500000000        2.66843375000000      -0.355963416853724     
   3.55724500000000        2.96470416666667      -0.335787554707834     
   3.55724500000000        3.26097458333333      -0.313900844718057     
   3.55724500000000        3.55724500000000      -0.288606911024382     
   3.55724500000000        3.85351541666667      -0.275725202713686     
   3.55724500000000        4.14978583333333      -0.258795120038010     
   3.55724500000000        4.44605625000000      -0.236377147191630     
   3.55724500000000        4.74232666666667      -0.215473838005194     
   3.55724500000000        5.03859708333333      -0.198310009289715     
   3.55724500000000        5.33486750000000      -0.184857580202350     
   3.55724500000000        5.63113791666667      -0.174440742161742     
   3.55724500000000        5.92740833333333      -0.166078778251929     
   3.55724500000000        6.22367875000000      -0.158867725612938     
   3.55724500000000        6.51994916666667      -0.152699109690746     
   3.55724500000000        6.81621958333333      -0.147286198563031     
   3.55724500000000        7.11249000000000      -0.142282860976789     
   3.85351541666667       2.000000000000000E-003 -0.609302380973357     
   3.85351541666667       0.298270416666667      -0.601475886379371     
   3.85351541666667       0.594540833333333      -0.579276099817028     
   3.85351541666667       0.890811250000000      -0.546305808028727     
   3.85351541666667        1.18708166666667      -0.507872888260332     
   3.85351541666667        1.48335208333333      -0.470314572973800     
   3.85351541666667        1.77962250000000      -0.435240987945161     
   3.85351541666667        2.07589291666667      -0.403214350484586     
   3.85351541666667        2.37216333333333      -0.375203921303777     
   3.85351541666667        2.66843375000000      -0.351035569551978     
   3.85351541666667        2.96470416666667      -0.329160166475694     
   3.85351541666667        3.26097458333333      -0.307535020051519     
   3.85351541666667        3.55724500000000      -0.288435980212658     
   3.85351541666667        3.85351541666667      -0.269677417026881     
   3.85351541666667        4.14978583333333      -0.252499661389184     
   3.85351541666667        4.44605625000000      -0.232780781593742     
   3.85351541666667        4.74232666666667      -0.213648024732737     
   3.85351541666667        5.03859708333333      -0.197390616867338     
   3.85351541666667        5.33486750000000      -0.184373418345214     
   3.85351541666667        5.63113791666667      -0.174154685554156     
   3.85351541666667        5.92740833333333      -0.165836306761479     
   3.85351541666667        6.22367875000000      -0.158663152387572     
   3.85351541666667        6.51994916666667      -0.152528618837033     
   3.85351541666667        6.81621958333333      -0.147139461494270     
   3.85351541666667        7.11249000000000      -0.142152677554309     
   4.14978583333333       2.000000000000000E-003 -0.586347828895323     
   4.14978583333333       0.298270416666667      -0.579253812279144     
   4.14978583333333       0.594540833333333      -0.558963101417509     
   4.14978583333333       0.890811250000000      -0.528533809754016     
   4.14978583333333        1.18708166666667      -0.492598421124474     
   4.14978583333333        1.48335208333333      -0.456821816035911     
   4.14978583333333        1.77962250000000      -0.423219192330388     
   4.14978583333333        2.07589291666667      -0.392268128471327     
   4.14978583333333        2.37216333333333      -0.364571127642494     
   4.14978583333333        2.66843375000000      -0.339942347359463     
   4.14978583333333        2.96470416666667      -0.317794313776495     
   4.14978583333333        3.26097458333333      -0.298460708974058     
   4.14978583333333        3.55724500000000      -0.280977756619387     
   4.14978583333333        3.85351541666667      -0.261233203845082     
   4.14978583333333        4.14978583333333      -0.242950392356084     
   4.14978583333333        4.44605625000000      -0.225814976006352     
   4.14978583333333        4.74232666666667      -0.209510342607867     
   4.14978583333333        5.03859708333333      -0.195102176303118     
   4.14978583333333        5.33486750000000      -0.183096428926950     
   4.14978583333333        5.63113791666667      -0.173326165378013     
   4.14978583333333        5.92740833333333      -0.165132007495638     
   4.14978583333333        6.22367875000000      -0.158076854661599     
   4.14978583333333        6.51994916666667      -0.152040839596520     
   4.14978583333333        6.81621958333333      -0.146718162837467     
   4.14978583333333        7.11249000000000      -0.141777506304188     
   4.44605625000000       2.000000000000000E-003 -0.552463690177576     
   4.44605625000000       0.298270416666667      -0.546280466331474     
   4.44605625000000       0.594540833333333      -0.528526065483391     
   4.44605625000000       0.890811250000000      -0.501688275772071     
   4.44605625000000        1.18708166666667      -0.469523853342399     
   4.44605625000000        1.48335208333333      -0.436423674772262     
   4.44605625000000        1.77962250000000      -0.405414500756106     
   4.44605625000000        2.07589291666667      -0.376541854922828     
   4.44605625000000        2.37216333333333      -0.350316887620318     
   4.44605625000000        2.66843375000000      -0.326943596160065     
   4.44605625000000        2.96470416666667      -0.306377177511065     
   4.44605625000000        3.26097458333333      -0.288371766470302     
   4.44605625000000        3.55724500000000      -0.271079626969218     
   4.44605625000000        3.85351541666667      -0.252714899428679     
   4.44605625000000        4.14978583333333      -0.235089072423186     
   4.44605625000000        4.44605625000000      -0.219228151014948     
   4.44605625000000        4.74232666666667      -0.204878092032776     
   4.44605625000000        5.03859708333333      -0.192153425052756     
   4.44605625000000        5.33486750000000      -0.181240297585789     
   4.44605625000000        5.63113791666667      -0.172007060208193     
   4.44605625000000        5.92740833333333      -0.164035645025334     
   4.44605625000000        6.22367875000000      -0.157193889142425     
   4.44605625000000        6.51994916666667      -0.151317915143422     
   4.44605625000000        6.81621958333333      -0.146097596873366     
   4.44605625000000        7.11249000000000      -0.141226353243963     
   4.74232666666667       2.000000000000000E-003 -0.513175923853028     
   4.74232666666667       0.298270416666667      -0.507839819908805     
   4.74232666666667       0.594540833333333      -0.492579521894522     
   4.74232666666667       0.890811250000000      -0.469514858427745     
   4.74232666666667        1.18708166666667      -0.441640116905613     
   4.74232666666667        1.48335208333333      -0.412242045812186     
   4.74232666666667        1.77962250000000      -0.384163434481178     
   4.74232666666667        2.07589291666667      -0.358100748001425     
   4.74232666666667        2.37216333333333      -0.334301991743788     
   4.74232666666667        2.66843375000000      -0.313019924310429     
   4.74232666666667        2.96470416666667      -0.294162944647497     
   4.74232666666667        3.26097458333333      -0.277101899900162     
   4.74232666666667        3.55724500000000      -0.260550543593229     
   4.74232666666667        3.85351541666667      -0.243838058196011     
   4.74232666666667        4.14978583333333      -0.227796232130389     
   4.74232666666667        4.44605625000000      -0.213272084486866     
   4.74232666666667        4.74232666666667      -0.200350860251308     
   4.74232666666667        5.03859708333333      -0.188940368691916     
   4.74232666666667        5.33486750000000      -0.178972518672232     
   4.74232666666667        5.63113791666667      -0.170260322462141     
   4.74232666666667        5.92740833333333      -0.162660986632326     
   4.74232666666667        6.22367875000000      -0.156123974831988     
   4.74232666666667        6.51994916666667      -0.150459625032905     
   4.74232666666667        6.81621958333333      -0.145369194789027     
   4.74232666666667        7.11249000000000      -0.140585432793006     
   5.03859708333333       2.000000000000000E-003 -0.475087711167578     
   5.03859708333333       0.298270416666667      -0.470251267231582     
   5.03859708333333       0.594540833333333      -0.456758609522733     
   5.03859708333333       0.890811250000000      -0.436388678431230     
   5.03859708333333        1.18708166666667      -0.412225932680685     
   5.03859708333333        1.48335208333333      -0.386704202371522     
   5.03859708333333        1.77962250000000      -0.361801673368382     
   5.03859708333333        2.07589291666667      -0.338716056398139     
   5.03859708333333        2.37216333333333      -0.317627217787834     
   5.03859708333333        2.66843375000000      -0.298581038590446     
   5.03859708333333        2.96470416666667      -0.281377695013017     
   5.03859708333333        3.26097458333333      -0.265449145194568     
   5.03859708333333        3.55724500000000      -0.250062236693856     
   5.03859708333333        3.85351541666667      -0.234977367353314     
   5.03859708333333        4.14978583333333      -0.220632479653224     
   5.03859708333333        4.44605625000000      -0.207550726591538     
   5.03859708333333        4.74232666666667      -0.195888175752783     
   5.03859708333333        5.03859708333333      -0.185557806907634     
   5.03859708333333        5.33486750000000      -0.176387214946948     
   5.03859708333333        5.63113791666667      -0.168246067738025     
   5.03859708333333        5.92740833333333      -0.161129302660276     
   5.03859708333333        6.22367875000000      -0.154964223195143     
   5.03859708333333        6.51994916666667      -0.149547533505838     
   5.03859708333333        6.81621958333333      -0.144610283225752     
   5.03859708333333        7.11249000000000      -0.139933130652290     
   5.33486750000000       2.000000000000000E-003 -0.439340903013341     
   5.33486750000000       0.298270416666667      -0.435179911007529     
   5.33486750000000       0.594540833333333      -0.423157365955525     
   5.33486750000000       0.890811250000000      -0.405353521285403     
   5.33486750000000        1.18708166666667      -0.384127967888255     
   5.33486750000000        1.48335208333333      -0.361783520108998     
   5.33486750000000        1.77962250000000      -0.340090254418330     
   5.33486750000000        2.07589291666667      -0.319772405306531     
   5.33486750000000        2.37216333333333      -0.301171790514129     
   5.33486750000000        2.66843375000000      -0.284230808779650     
   5.33486750000000        2.96470416666667      -0.268670999012769     
   5.33486750000000        3.26097458333333      -0.254067710985385     
   5.33486750000000        3.55724500000000      -0.240021256362942     
   5.33486750000000        3.85351541666667      -0.226474553689745     
   5.33486750000000        4.14978583333333      -0.213684573195504     
   5.33486750000000        4.44605625000000      -0.201972424952687     
   5.33486750000000        4.74232666666667      -0.191455669396919     
   5.33486750000000        5.03859708333333      -0.182051176664447     
   5.33486750000000        5.33486750000000      -0.173604487118476     
   5.33486750000000        5.63113791666667      -0.166103031799343     
   5.33486750000000        5.92740833333333      -0.159529508719705     
   5.33486750000000        6.22367875000000      -0.153772849505880     
   5.33486750000000        6.51994916666667      -0.148635827181895     
   5.33486750000000        6.81621958333333      -0.143885399421234     
   5.33486750000000        7.11249000000000      -0.139343724878957     
   5.63113791666667       2.000000000000000E-003 -0.407085717757303     
   5.63113791666667       0.298270416666667      -0.403134142397307     
   5.63113791666667       0.594540833333333      -0.392180469304267     
   5.63113791666667       0.890811250000000      -0.376467510595810     
   5.63113791666667        1.18708166666667      -0.358046878035086     
   5.63113791666667        1.48335208333333      -0.338681098788862     
   5.63113791666667        1.77962250000000      -0.319757110070016     
   5.63113791666667        2.07589291666667      -0.302008883020553     
   5.63113791666667        2.37216333333333      -0.285592329319165     
   5.63113791666667        2.66843375000000      -0.270489318409806     
   5.63113791666667        2.96470416666667      -0.256492992373526     
   5.63113791666667        3.26097458333333      -0.243278409700623     
   5.63113791666667        3.55724500000000      -0.230614577420709     
   5.63113791666667        3.85351541666667      -0.218492036722613     
   5.63113791666667        4.14978583333333      -0.207092650689005     
   5.63113791666667        4.44605625000000      -0.196613062516654     
   5.63113791666667        4.74232666666667      -0.187084493684645     
   5.63113791666667        5.03859708333333      -0.178469062667474     
   5.63113791666667        5.33486750000000      -0.170745815930223     
   5.63113791666667        5.63113791666667      -0.163907359403097     
   5.63113791666667        5.92740833333333      -0.157885178144619     
   5.63113791666667        6.22367875000000      -0.152566202425137     
   5.63113791666667        6.51994916666667      -0.147753848518021     
   5.63113791666667        6.81621958333333      -0.143228141877730     
   5.63113791666667        7.11249000000000      -0.138840427107227     
   5.92740833333333       2.000000000000000E-003 -0.379203006634657     
   5.92740833333333       0.298270416666667      -0.375097818142856     
   5.92740833333333       0.594540833333333      -0.364477237540228     
   5.92740833333333       0.890811250000000      -0.350239939804312     
   5.92740833333333        1.18708166666667      -0.334242654723127     
   5.92740833333333        1.48335208333333      -0.317583338156607     
   5.92740833333333        1.77962250000000      -0.301144684548908     
   5.92740833333333        2.07589291666667      -0.285580710232575     
   5.92740833333333        2.37216333333333      -0.271103111146281     
   5.92740833333333        2.66843375000000      -0.257657933382307     
   5.92740833333333        2.96470416666667      -0.245095277496672     
   5.92740833333333        3.26097458333333      -0.233218271358449     
   5.92740833333333        3.55724500000000      -0.221884026594609     
   5.92740833333333        3.85351541666667      -0.211077230571557     
   5.92740833333333        4.14978583333333      -0.200887315671290     
   5.92740833333333        4.44605625000000      -0.191419698010697     
   5.92740833333333        4.74232666666667      -0.182739971676040     
   5.92740833333333        5.03859708333333      -0.174880521390452     
   5.92740833333333        5.33486750000000      -0.167859800407272     
   5.92740833333333        5.63113791666667      -0.161649858333043     
   5.92740833333333        5.92740833333333      -0.156184533223449     
   5.92740833333333        6.22367875000000      -0.151340415421294     
   5.92740833333333        6.51994916666667      -0.146902958841521     
   5.92740833333333        6.81621958333333      -0.142629770018813     
   5.92740833333333        7.11249000000000      -0.138394357264347     
   6.22367875000000       2.000000000000000E-003 -0.355881148944113     
   6.22367875000000       0.298270416666667      -0.350917670455500     
   6.22367875000000       0.594540833333333      -0.339843569924829     
   6.22367875000000       0.890811250000000      -0.326867281564210     
   6.22367875000000        1.18708166666667      -0.312956916020989     
   6.22367875000000        1.48335208333333      -0.298531850253192     
   6.22367875000000        1.77962250000000      -0.284196892437355     
   6.22367875000000        2.07589291666667      -0.270469782724561     
   6.22367875000000        2.37216333333333      -0.257650315355779     
   6.22367875000000        2.66843375000000      -0.245716540915572     
   6.22367875000000        2.96470416666667      -0.234527241709448     
   6.22367875000000        3.26097458333333      -0.223927722878344     
   6.22367875000000        3.55724500000000      -0.213806504877060     
   6.22367875000000        3.85351541666667      -0.204135160876623     
   6.22367875000000        4.14978583333333      -0.194963079784590     
   6.22367875000000        4.44605625000000      -0.186378466092999     
   6.22367875000000        4.74232666666667      -0.178470045034388     
   6.22367875000000        5.03859708333333      -0.171307163493107     
   6.22367875000000        5.33486750000000      -0.164924981914815     
   6.22367875000000        5.63113791666667      -0.159296703178026     
   6.22367875000000        5.92740833333333      -0.154373497054281     
   6.22367875000000        6.22367875000000      -0.150031475901529     
   6.22367875000000        6.51994916666667      -0.146023252944994     
   6.22367875000000        6.81621958333333      -0.142030379966874     
   6.22367875000000        7.11249000000000      -0.137922866170624     
   6.51994916666667       2.000000000000000E-003 -0.335711940440151     
   6.51994916666667       0.298270416666667      -0.329048395085568     
   6.51994916666667       0.594540833333333      -0.317706748203064     
   6.51994916666667       0.890811250000000      -0.306301230033485     
   6.51994916666667        1.18708166666667      -0.294099840419889     
   6.51994916666667        1.48335208333333      -0.281327779340456     
   6.51994916666667        1.77962250000000      -0.268635934407016     
   6.51994916666667        2.07589291666667      -0.256470570709633     
   6.51994916666667        2.37216333333333      -0.245083955440880     
   6.51994916666667        2.66843375000000      -0.234523197300086     
   6.51994916666667        2.96470416666667      -0.224621531408631     
   6.51994916666667        3.26097458333333      -0.215223222958893     
   6.51994916666667        3.55724500000000      -0.206214368691763     
   6.51994916666667        3.85351541666667      -0.197552931470411     
   6.51994916666667        4.14978583333333      -0.189275575735593     
   6.51994916666667        4.44605625000000      -0.181473954888427     
   6.51994916666667        4.74232666666667      -0.174256242533415     
   6.51994916666667        5.03859708333333      -0.167711299850748     
   6.51994916666667        5.33486750000000      -0.161887282274122     
   6.51994916666667        5.63113791666667      -0.156775264897471     
   6.51994916666667        5.92740833333333      -0.152340510149651     
   6.51994916666667        6.22367875000000      -0.148480332985679     
   6.51994916666667        6.51994916666667      -0.144952490203919     
   6.51994916666667        6.81621958333333      -0.141322840099592     
   6.51994916666667        7.11249000000000      -0.137328756471515     
   6.81621958333333       2.000000000000000E-003 -0.313878254711661     
   6.81621958333333       0.298270416666667      -0.307451255081094     
   6.81621958333333       0.594540833333333      -0.298377523382842     
   6.81621958333333       0.890811250000000      -0.288298016479996     
   6.81621958333333        1.18708166666667      -0.277042374604514     
   6.81621958333333        1.48335208333333      -0.265406149482876     
   6.81621958333333        1.77962250000000      -0.254037173601772     
   6.81621958333333        2.07589291666667      -0.243257738345331     
   6.81621958333333        2.37216333333333      -0.233206687871972     
   6.81621958333333        2.66843375000000      -0.223922300954818     
   6.81621958333333        2.96470416666667      -0.215221371543779     
   6.81621958333333        3.26097458333333      -0.206938486535188     
   6.81621958333333        3.55724500000000      -0.198949434899908     
   6.81621958333333        3.85351541666667      -0.191200718434056     
   6.81621958333333        4.14978583333333      -0.183727088454009     
   6.81621958333333        4.44605625000000      -0.176630001210060     
   6.81621958333333        4.74232666666667      -0.170032062157693     
   6.81621958333333        5.03859708333333      -0.164032771645509     
   6.81621958333333        5.33486750000000      -0.158690904230532     
   6.81621958333333        5.63113791666667      -0.154014098452578     
   6.81621958333333        5.92740833333333      -0.149966781988087     
   6.81621958333333        6.22367875000000      -0.146464725446289     
   6.81621958333333        6.51994916666667      -0.143352926338378     
   6.81621958333333        6.81621958333333      -0.140225743039794     
   6.81621958333333        7.11249000000000      -0.136388344825204     
   7.11249000000000       2.000000000000000E-003 -0.288573403553698     
   7.11249000000000       0.298270416666667      -0.288387129782109     
   7.11249000000000       0.594540833333333      -0.280913946018921     
   7.11249000000000       0.890811250000000      -0.271027740441443     
   7.11249000000000        1.18708166666667      -0.260508421412756     
   7.11249000000000        1.48335208333333      -0.250030157393069     
   7.11249000000000        1.77962250000000      -0.239998738952517     
   7.11249000000000        2.07589291666667      -0.230599023945858     
   7.11249000000000        2.37216333333333      -0.221874331208037     
   7.11249000000000        2.66843375000000      -0.213801142461170     
   7.11249000000000        2.96470416666667      -0.206211766068427     
   7.11249000000000        3.26097458333333      -0.198948418775814     
   7.11249000000000        3.55724500000000      -0.191884558565329     
   7.11249000000000        3.85351541666667      -0.184962133666806     
   7.11249000000000        4.14978583333333      -0.178218787008179     
   7.11249000000000        4.44605625000000      -0.171765516350432     
   7.11249000000000        4.74232666666667      -0.165733847676473     
   7.11249000000000        5.03859708333333      -0.160224026782305     
   7.11249000000000        5.33486750000000      -0.155310887228161     
   7.11249000000000        5.63113791666667      -0.150999863679889     
   7.11249000000000        5.92740833333333      -0.147248632654036     
   7.11249000000000        6.22367875000000      -0.143959190493212     
   7.11249000000000        6.51994916666667      -0.141008848509387     
   7.11249000000000        6.81621958333333      -0.138083436996691     
   7.11249000000000        7.11249000000000      -0.134287886772213     
