  2.000000000000000E-003  2.000000000000000E-003 -0.257068533896788     
  2.000000000000000E-003  0.298270416666667      -0.265671054113595     
  2.000000000000000E-003  0.594540833333333      -0.268658485310322     
  2.000000000000000E-003  0.890811250000000      -0.270121427342043     
  2.000000000000000E-003   1.18708166666667      -0.270400910752913     
  2.000000000000000E-003   1.48335208333333      -0.269520642027249     
  2.000000000000000E-003   1.77962250000000      -0.267670772322294     
  2.000000000000000E-003   2.07589291666667      -0.265008887334444     
  2.000000000000000E-003   2.37216333333333      -0.261613851830749     
  2.000000000000000E-003   2.66843375000000      -0.257532469028491     
  2.000000000000000E-003   2.96470416666667      -0.252588493464383     
  2.000000000000000E-003   3.26097458333333      -0.246735634590885     
  2.000000000000000E-003   3.55724500000000      -0.240035793357419     
  2.000000000000000E-003   3.85351541666667      -0.232649425817593     
  2.000000000000000E-003   4.14978583333333      -0.224833751452560     
  2.000000000000000E-003   4.44605625000000      -0.216901064022924     
  2.000000000000000E-003   4.74232666666667      -0.209148450313414     
  2.000000000000000E-003   5.03859708333333      -0.201793370189947     
  2.000000000000000E-003   5.33486750000000      -0.195005338315198     
  2.000000000000000E-003   5.63113791666667      -0.188827079941215     
  2.000000000000000E-003   5.92740833333333      -0.183222214507673     
  2.000000000000000E-003   6.22367875000000      -0.178109231879307     
  2.000000000000000E-003   6.51994916666667      -0.173548490935745     
  2.000000000000000E-003   6.81621958333333      -0.169643337530963     
  2.000000000000000E-003   7.11249000000000      -0.164505295801305     
  0.298270416666667       2.000000000000000E-003 -0.278155616688205     
  0.298270416666667       0.298270416666667      -0.279158950026632     
  0.298270416666667       0.594540833333333      -0.284292472643786     
  0.298270416666667       0.890811250000000      -0.287772450050419     
  0.298270416666667        1.18708166666667      -0.289347197913099     
  0.298270416666667        1.48335208333333      -0.289345359415576     
  0.298270416666667        1.77962250000000      -0.287969390909271     
  0.298270416666667        2.07589291666667      -0.285367827114875     
  0.298270416666667        2.37216333333333      -0.281687385217034     
  0.298270416666667        2.66843375000000      -0.276914446478462     
  0.298270416666667        2.96470416666667      -0.270908537803660     
  0.298270416666667        3.26097458333333      -0.263709200706183     
  0.298270416666667        3.55724500000000      -0.255490152588168     
  0.298270416666667        3.85351541666667      -0.246531293103260     
  0.298270416666667        4.14978583333333      -0.237192404464259     
  0.298270416666667        4.44605625000000      -0.227856823350049     
  0.298270416666667        4.74232666666667      -0.218860717836657     
  0.298270416666667        5.03859708333333      -0.210438564785206     
  0.298270416666667        5.33486750000000      -0.202676661564423     
  0.298270416666667        5.63113791666667      -0.195581238486202     
  0.298270416666667        5.92740833333333      -0.189116488986121     
  0.298270416666667        6.22367875000000      -0.183240502777467     
  0.298270416666667        6.51994916666667      -0.178214073788979     
  0.298270416666667        6.81621958333333      -0.175078365333877     
  0.298270416666667        7.11249000000000      -0.170635225229483     
  0.594540833333333       2.000000000000000E-003 -0.296244977925848     
  0.594540833333333       0.298270416666667      -0.296619530441669     
  0.594540833333333       0.594540833333333      -0.299006299181896     
  0.594540833333333       0.890811250000000      -0.304569781855485     
  0.594540833333333        1.18708166666667      -0.308944191879502     
  0.594540833333333        1.48335208333333      -0.310983087418794     
  0.594540833333333        1.77962250000000      -0.310748623967101     
  0.594540833333333        2.07589291666667      -0.308522241817121     
  0.594540833333333        2.37216333333333      -0.304586068621604     
  0.594540833333333        2.66843375000000      -0.298956247193943     
  0.594540833333333        2.96470416666667      -0.291603655886892     
  0.594540833333333        3.26097458333333      -0.282706589672799     
  0.594540833333333        3.55724500000000      -0.272590775465194     
  0.594540833333333        3.85351541666667      -0.261696702255738     
  0.594540833333333        4.14978583333333      -0.250522878437629     
  0.594540833333333        4.44605625000000      -0.239537033605288     
  0.594540833333333        4.74232666666667      -0.229099645712891     
  0.594540833333333        5.03859708333333      -0.219439658463745     
  0.594540833333333        5.33486750000000      -0.210571361478870     
  0.594540833333333        5.63113791666667      -0.202455355772227     
  0.594540833333333        5.92740833333333      -0.195153258787548     
  0.594540833333333        6.22367875000000      -0.188846203808401     
  0.594540833333333        6.51994916666667      -0.183985181618301     
  0.594540833333333        6.81621958333333      -0.180513705016411     
  0.594540833333333        7.11249000000000      -0.174337044892628     
  0.890811250000000       2.000000000000000E-003 -0.307006899289873     
  0.890811250000000       0.298270416666667      -0.312758592221279     
  0.890811250000000       0.594540833333333      -0.317847720997518     
  0.890811250000000       0.890811250000000      -0.325252567093439     
  0.890811250000000        1.18708166666667      -0.332087960400122     
  0.890811250000000        1.48335208333333      -0.336288763990032     
  0.890811250000000        1.77962250000000      -0.337341254705939     
  0.890811250000000        2.07589291666667      -0.335512998535076     
  0.890811250000000        2.37216333333333      -0.331176125878854     
  0.890811250000000        2.66843375000000      -0.324376157009185     
  0.890811250000000        2.96470416666667      -0.315288150315377     
  0.890811250000000        3.26097458333333      -0.304258597470870     
  0.890811250000000        3.55724500000000      -0.291780709923058     
  0.890811250000000        3.85351541666667      -0.278496059379436     
  0.890811250000000        4.14978583333333      -0.265101035449069     
  0.890811250000000        4.44605625000000      -0.252173389510496     
  0.890811250000000        4.74232666666667      -0.240062889821715     
  0.890811250000000        5.03859708333333      -0.228923786340247     
  0.890811250000000        5.33486750000000      -0.218748304298427     
  0.890811250000000        5.63113791666667      -0.209415865982014     
  0.890811250000000        5.92740833333333      -0.201080010663178     
  0.890811250000000        6.22367875000000      -0.194008162981095     
  0.890811250000000        6.51994916666667      -0.188340831285366     
  0.890811250000000        6.81621958333333      -0.183197857841454     
  0.890811250000000        7.11249000000000      -0.176261294086636     
   1.18708166666667       2.000000000000000E-003 -0.317945540644833     
   1.18708166666667       0.298270416666667      -0.329349786726923     
   1.18708166666667       0.594540833333333      -0.339914505027387     
   1.18708166666667       0.890811250000000      -0.350884147353162     
   1.18708166666667        1.18708166666667      -0.360510351374119     
   1.18708166666667        1.48335208333333      -0.366879992850889     
   1.18708166666667        1.77962250000000      -0.369227779251986     
   1.18708166666667        2.07589291666667      -0.367728577080810     
   1.18708166666667        2.37216333333333      -0.362656952745079     
   1.18708166666667        2.66843375000000      -0.354237559293563     
   1.18708166666667        2.96470416666667      -0.342919929117793     
   1.18708166666667        3.26097458333333      -0.329213186755305     
   1.18708166666667        3.55724500000000      -0.313738022182439     
   1.18708166666667        3.85351541666667      -0.297398040781716     
   1.18708166666667        4.14978583333333      -0.281241647317718     
   1.18708166666667        4.44605625000000      -0.266024450487781     
   1.18708166666667        4.74232666666667      -0.252005052943093     
   1.18708166666667        5.03859708333333      -0.239135553129727     
   1.18708166666667        5.33486750000000      -0.227332757818339     
   1.18708166666667        5.63113791666667      -0.216472242709888     
   1.18708166666667        5.92740833333333      -0.206706793818460     
   1.18708166666667        6.22367875000000      -0.198304039310422     
   1.18708166666667        6.51994916666667      -0.191220237546989     
   1.18708166666667        6.81621958333333      -0.184662962464408     
   1.18708166666667        7.11249000000000      -0.177420641471955     
   1.48335208333333       2.000000000000000E-003 -0.331718974379076     
   1.48335208333333       0.298270416666667      -0.348753728165775     
   1.48335208333333       0.594540833333333      -0.365467568441407     
   1.48335208333333       0.890811250000000      -0.381420562375168     
   1.48335208333333        1.18708166666667      -0.394818497346195     
   1.48335208333333        1.48335208333333      -0.403901526285661     
   1.48335208333333        1.77962250000000      -0.407936031823281     
   1.48335208333333        2.07589291666667      -0.406830220416471     
   1.48335208333333        2.37216333333333      -0.400681503755533     
   1.48335208333333        2.66843375000000      -0.390086647809453     
   1.48335208333333        2.96470416666667      -0.375924841675319     
   1.48335208333333        3.26097458333333      -0.358790988669166     
   1.48335208333333        3.55724500000000      -0.339409859457774     
   1.48335208333333        3.85351541666667      -0.318956397417005     
   1.48335208333333        4.14978583333333      -0.299130187264848     
   1.48335208333333        4.44605625000000      -0.281260606686089     
   1.48335208333333        4.74232666666667      -0.265196531102182     
   1.48335208333333        5.03859708333333      -0.250401340329611     
   1.48335208333333        5.33486750000000      -0.236594510599390     
   1.48335208333333        5.63113791666667      -0.223806284182787     
   1.48335208333333        5.92740833333333      -0.212208116191737     
   1.48335208333333        6.22367875000000      -0.202123705171325     
   1.48335208333333        6.51994916666667      -0.193535864950536     
   1.48335208333333        6.81621958333333      -0.185884590778665     
   1.48335208333333        7.11249000000000      -0.178354767649702     
   1.77962250000000       2.000000000000000E-003 -0.348389142211103     
   1.77962250000000       0.298270416666667      -0.371419490643504     
   1.77962250000000       0.594540833333333      -0.394790271373706     
   1.77962250000000       0.890811250000000      -0.416820935177064     
   1.77962250000000        1.18708166666667      -0.435285221567423     
   1.77962250000000        1.48335208333333      -0.448392560321518     
   1.77962250000000        1.77962250000000      -0.455218584659123     
   1.77962250000000        2.07589291666667      -0.455113832595176     
   1.77962250000000        2.37216333333333      -0.447790495389493     
   1.77962250000000        2.66843375000000      -0.433741652884857     
   1.77962250000000        2.96470416666667      -0.415187504767549     
   1.77962250000000        3.26097458333333      -0.393797816676368     
   1.77962250000000        3.55724500000000      -0.369980599128162     
   1.77962250000000        3.85351541666667      -0.344645157827512     
   1.77962250000000        4.14978583333333      -0.320221304273594     
   1.77962250000000        4.44605625000000      -0.298696359721341     
   1.77962250000000        4.74232666666667      -0.280080674884861     
   1.77962250000000        5.03859708333333      -0.263176969054446     
   1.77962250000000        5.33486750000000      -0.246971204520875     
   1.77962250000000        5.63113791666667      -0.231719518883496     
   1.77962250000000        5.92740833333333      -0.217901379836289     
   1.77962250000000        6.22367875000000      -0.205918568781929     
   1.77962250000000        6.51994916666667      -0.195843408419299     
   1.77962250000000        6.81621958333333      -0.187234862621721     
   1.77962250000000        7.11249000000000      -0.179350214407455     
   2.07589291666667       2.000000000000000E-003 -0.367315502421055     
   2.07589291666667       0.298270416666667      -0.396853368936450     
   2.07589291666667       0.594540833333333      -0.427564736408535     
   2.07589291666667       0.890811250000000      -0.456775189967391     
   2.07589291666667        1.18708166666667      -0.481867326514302     
   2.07589291666667        1.48335208333333      -0.500979371235970     
   2.07589291666667        1.77962250000000      -0.513053347952700     
   2.07589291666667        2.07589291666667      -0.516176776530299     
   2.07589291666667        2.37216333333333      -0.506788590738438     
   2.07589291666667        2.66843375000000      -0.487110286264935     
   2.07589291666667        2.96470416666667      -0.462293494825427     
   2.07589291666667        3.26097458333333      -0.436042033275235     
   2.07589291666667        3.55724500000000      -0.407484202527394     
   2.07589291666667        3.85351541666667      -0.376071817362334     
   2.07589291666667        4.14978583333333      -0.346031972937345     
   2.07589291666667        4.44605625000000      -0.320655093606730     
   2.07589291666667        4.74232666666667      -0.298833657785057     
   2.07589291666667        5.03859708333333      -0.278435238676396     
   2.07589291666667        5.33486750000000      -0.258909387604932     
   2.07589291666667        5.63113791666667      -0.240512280550400     
   2.07589291666667        5.92740833333333      -0.224003802035508     
   2.07589291666667        6.22367875000000      -0.209918450263707     
   2.07589291666667        6.51994916666667      -0.198330333090240     
   2.07589291666667        6.81621958333333      -0.188801121795721     
   2.07589291666667        7.11249000000000      -0.180496214938562     
   2.37216333333333       2.000000000000000E-003 -0.387586674926729     
   2.37216333333333       0.298270416666667      -0.424109573460530     
   2.37216333333333       0.594540833333333      -0.462600589299142     
   2.37216333333333       0.890811250000000      -0.499784686970414     
   2.37216333333333        1.18708166666667      -0.532921608285248     
   2.37216333333333        1.48335208333333      -0.561027880033168     
   2.37216333333333        1.77962250000000      -0.583803652541171     
   2.37216333333333        2.07589291666667      -0.591763859071733     
   2.37216333333333        2.37216333333333      -0.580542584567055     
   2.37216333333333        2.66843375000000      -0.553256495412897     
   2.37216333333333        2.96470416666667      -0.519147861029862     
   2.37216333333333        3.26097458333333      -0.487520591292226     
   2.37216333333333        3.55724500000000      -0.454481419557812     
   2.37216333333333        3.85351541666667      -0.414627622123826     
   2.37216333333333        4.14978583333333      -0.377949525025751     
   2.37216333333333        4.44605625000000      -0.349726060392562     
   2.37216333333333        4.74232666666667      -0.324334032109072     
   2.37216333333333        5.03859708333333      -0.298318942047409     
   2.37216333333333        5.33486750000000      -0.272889682373480     
   2.37216333333333        5.63113791666667      -0.250192387894370     
   2.37216333333333        5.92740833333333      -0.230449630138512     
   2.37216333333333        6.22367875000000      -0.214036637377353     
   2.37216333333333        6.51994916666667      -0.200918181073655     
   2.37216333333333        6.81621958333333      -0.190484099565368     
   2.37216333333333        7.11249000000000      -0.181733559978496     
   2.66843375000000       2.000000000000000E-003 -0.407440214326639     
   2.66843375000000       0.298270416666667      -0.450708707040886     
   2.66843375000000       0.594540833333333      -0.496705996096618     
   2.66843375000000       0.890811250000000      -0.541909876595485     
   2.66843375000000        1.18708166666667      -0.584431033500561     
   2.66843375000000        1.48335208333333      -0.625979067166278     
   2.66843375000000        1.77962250000000      -0.663285199787428     
   2.66843375000000        2.07589291666667      -0.680119204875398     
   2.66843375000000        2.37216333333333      -0.671218837639373     
   2.66843375000000        2.66843375000000      -0.636272177223700     
   2.66843375000000        2.96470416666667      -0.587314393762741     
   2.66843375000000        3.26097458333333      -0.548242291446888     
   2.66843375000000        3.55724500000000      -0.512936372757940     
   2.66843375000000        3.85351541666667      -0.460915779447822     
   2.66843375000000        4.14978583333333      -0.420120364655960     
   2.66843375000000        4.44605625000000      -0.392669684897577     
   2.66843375000000        4.74232666666667      -0.361228977012887     
   2.66843375000000        5.03859708333333      -0.324756848317978     
   2.66843375000000        5.33486750000000      -0.289496975202804     
   2.66843375000000        5.63113791666667      -0.260297906960714     
   2.66843375000000        5.92740833333333      -0.236878127466324     
   2.66843375000000        6.22367875000000      -0.218027950235047     
   2.66843375000000        6.51994916666667      -0.203374353696675     
   2.66843375000000        6.81621958333333      -0.192083155401171     
   2.66843375000000        7.11249000000000      -0.182927664809501     
   2.96470416666667       2.000000000000000E-003 -0.424176380025233     
   2.96470416666667       0.298270416666667      -0.473117955577887     
   2.96470416666667       0.594540833333333      -0.525488797149463     
   2.96470416666667       0.890811250000000      -0.577948398744129     
   2.96470416666667        1.18708166666667      -0.630305590027800     
   2.96470416666667        1.48335208333333      -0.688941774224073     
   2.96470416666667        1.77962250000000      -0.740792502563662     
   2.96470416666667        2.07589291666667      -0.772066004050255     
   2.96470416666667        2.37216333333333      -0.775355308721767     
   2.96470416666667        2.66843375000000      -0.741205146261565     
   2.96470416666667        2.96470416666667      -0.672810971967819     
   2.96470416666667        3.26097458333333      -0.613152476603035     
   2.96470416666667        3.55724500000000      -0.578579093618142     
   2.96470416666667        3.85351541666667      -0.516462003084531     
   2.96470416666667        4.14978583333333      -0.489695694062373     
   2.96470416666667        4.44605625000000      -0.463457177813956     
   2.96470416666667        4.74232666666667      -0.413838885948777     
   2.96470416666667        5.03859708333333      -0.357323369338263     
   2.96470416666667        5.33486750000000      -0.307568367035578     
   2.96470416666667        5.63113791666667      -0.269654680556599     
   2.96470416666667        5.92740833333333      -0.242557131708886     
   2.96470416666667        6.22367875000000      -0.221480062012948     
   2.96470416666667        6.51994916666667      -0.205476055383720     
   2.96470416666667        6.81621958333333      -0.193442675761025     
   2.96470416666667        7.11249000000000      -0.183938694629156     
   3.26097458333333       2.000000000000000E-003 -0.435404104161314     
   3.26097458333333       0.298270416666667      -0.488129970232906     
   3.26097458333333       0.594540833333333      -0.544810597441605     
   3.26097458333333       0.890811250000000      -0.602481987020320     
   3.26097458333333        1.18708166666667      -0.662771024001340     
   3.26097458333333        1.48335208333333      -0.734434316792118     
   3.26097458333333        1.77962250000000      -0.799965580593238     
   3.26097458333333        2.07589291666667      -0.847319189724912     
   3.26097458333333        2.37216333333333      -0.870911985560721     
   3.26097458333333        2.66843375000000      -0.858019948651897     
   3.26097458333333        2.96470416666667      -0.794518259346177     
   3.26097458333333        3.26097458333333      -0.692815272689545     
   3.26097458333333        3.55724500000000      -0.629901652749760     
   3.26097458333333        3.85351541666667      -0.609807144062398     
   3.26097458333333        4.14978583333333      -0.622411444637840     
   3.26097458333333        4.44605625000000      -0.563441259409332     
   3.26097458333333        4.74232666666667      -0.472245142786684     
   3.26097458333333        5.03859708333333      -0.388111163869071     
   3.26097458333333        5.33486750000000      -0.322818399841022     
   3.26097458333333        5.63113791666667      -0.276838757989503     
   3.26097458333333        5.92740833333333      -0.246519849531802     
   3.26097458333333        6.22367875000000      -0.223854551200729     
   3.26097458333333        6.51994916666667      -0.206912913498582     
   3.26097458333333        6.81621958333333      -0.194366837906120     
   3.26097458333333        7.11249000000000      -0.184620068952120     
   3.55724500000000       2.000000000000000E-003 -0.439397365649659     
   3.55724500000000       0.298270416666667      -0.493446441362457     
   3.55724500000000       0.594540833333333      -0.551645998425299     
   3.55724500000000       0.890811250000000      -0.611226847466374     
   3.55724500000000        1.18708166666667      -0.674614853138887     
   3.55724500000000        1.48335208333333      -0.751716334989673     
   3.55724500000000        1.77962250000000      -0.821551371282354     
   3.55724500000000        2.07589291666667      -0.876868877606615     
   3.55724500000000        2.37216333333333      -0.911940995458846     
   3.55724500000000        2.66843375000000      -0.918211940875446     
   3.55724500000000        2.96470416666667      -0.884588565557220     
   3.55724500000000        3.26097458333333      -0.796003535392043     
   3.55724500000000        3.55724500000000      -0.647491660409436     
   3.55724500000000        3.85351541666667      -0.724639512730041     
   3.55724500000000        4.14978583333333      -0.729142007400754     
   3.55724500000000        4.44605625000000      -0.621187280580755     
   3.55724500000000        4.74232666666667      -0.500132867519833     
   3.55724500000000        5.03859708333333      -0.401338988774253     
   3.55724500000000        5.33486750000000      -0.328928471604712     
   3.55724500000000        5.63113791666667      -0.279532580966530     
   3.55724500000000        5.92740833333333      -0.247932474292537     
   3.55724500000000        6.22367875000000      -0.224690722941933     
   3.55724500000000        6.51994916666667      -0.207414873419870     
   3.55724500000000        6.81621958333333      -0.194688269830931     
   3.55724500000000        7.11249000000000      -0.184857637724023     
   3.85351541666667       2.000000000000000E-003 -0.435472239714669     
   3.85351541666667       0.298270416666667      -0.488198043927334     
   3.85351541666667       0.594540833333333      -0.544872789072806     
   3.85351541666667       0.890811250000000      -0.602532220818578     
   3.85351541666667        1.18708166666667      -0.662804231658191     
   3.85351541666667        1.48335208333333      -0.734446354308701     
   3.85351541666667        1.77962250000000      -0.799954843239495     
   3.85351541666667        2.07589291666667      -0.847277857241722     
   3.85351541666667        2.37216333333333      -0.870821764013229     
   3.85351541666667        2.66843375000000      -0.857851530921261     
   3.85351541666667        2.96470416666667      -0.794250104040054     
   3.85351541666667        3.26097458333333      -0.692517470346288     
   3.85351541666667        3.55724500000000      -0.629680132041705     
   3.85351541666667        3.85351541666667      -0.609810866757131     
   3.85351541666667        4.14978583333333      -0.622577821246877     
   3.85351541666667        4.44605625000000      -0.563556736347341     
   3.85351541666667        4.74232666666667      -0.472284484445220     
   3.85351541666667        5.03859708333333      -0.388097901509584     
   3.85351541666667        5.33486750000000      -0.322776198199725     
   3.85351541666667        5.63113791666667      -0.276786940666281     
   3.85351541666667        5.92740833333333      -0.246470195323535     
   3.85351541666667        6.22367875000000      -0.223809680537300     
   3.85351541666667        6.51994916666667      -0.206877970697969     
   3.85351541666667        6.81621958333333      -0.194346263779300     
   3.85351541666667        7.11249000000000      -0.184615096143453     
   4.14978583333333       2.000000000000000E-003 -0.424302902981559     
   4.14978583333333       0.298270416666667      -0.473246944559522     
   4.14978583333333       0.594540833333333      -0.525608411706022     
   4.14978583333333       0.890811250000000      -0.578046306687904     
   4.14978583333333        1.18708166666667      -0.630371658579045     
   4.14978583333333        1.48335208333333      -0.688968406371608     
   4.14978583333333        1.77962250000000      -0.740778514807804     
   4.14978583333333        2.07589291666667      -0.772005901436585     
   4.14978583333333        2.37216333333333      -0.775234536890413     
   4.14978583333333        2.66843375000000      -0.741013115980305     
   4.14978583333333        2.96470416666667      -0.672567441792320     
   4.14978583333333        3.26097458333333      -0.612897818768205     
   4.14978583333333        3.55724500000000      -0.578264354218368     
   4.14978583333333        3.85351541666667      -0.516251333598575     
   4.14978583333333        4.14978583333333      -0.489706696466160     
   4.14978583333333        4.44605625000000      -0.463519715690391     
   4.14978583333333        4.74232666666667      -0.413854395276262     
   4.14978583333333        5.03859708333333      -0.357281715363042     
   4.14978583333333        5.33486750000000      -0.307488814109269     
   4.14978583333333        5.63113791666667      -0.269562645988933     
   4.14978583333333        5.92740833333333      -0.242468399236225     
   4.14978583333333        6.22367875000000      -0.221399531728026     
   4.14978583333333        6.51994916666667      -0.205414224388290     
   4.14978583333333        6.81621958333333      -0.193408104321988     
   4.14978583333333        7.11249000000000      -0.183933859489845     
   4.44605625000000       2.000000000000000E-003 -0.407608922314277     
   4.44605625000000       0.298270416666667      -0.450887423672741     
   4.44605625000000       0.594540833333333      -0.496875983386828     
   4.44605625000000       0.890811250000000      -0.542051140278964     
   4.44605625000000        1.18708166666667      -0.584527984610364     
   4.44605625000000        1.48335208333333      -0.626022596372851     
   4.44605625000000        1.77962250000000      -0.663274384566154     
   4.44605625000000        2.07589291666667      -0.680058414070648     
   4.44605625000000        2.37216333333333      -0.671108208814706     
   4.44605625000000        2.66843375000000      -0.636118443454801     
   4.44605625000000        2.96470416666667      -0.587136344609583     
   4.44605625000000        3.26097458333333      -0.548038447089469     
   4.44605625000000        3.55724500000000      -0.512681971248233     
   4.44605625000000        3.85351541666667      -0.460696162997475     
   4.44605625000000        4.14978583333333      -0.420024605645271     
   4.44605625000000        4.44605625000000      -0.392643217194474     
   4.44605625000000        4.74232666666667      -0.361194505242225     
   4.44605625000000        5.03859708333333      -0.324684871817209     
   4.44605625000000        5.33486750000000      -0.289394538603576     
   4.44605625000000        5.63113791666667      -0.260187022476738     
   4.44605625000000        5.92740833333333      -0.236766956155361     
   4.44605625000000        6.22367875000000      -0.217926434622407     
   4.44605625000000        6.51994916666667      -0.203298168605950     
   4.44605625000000        6.81621958333333      -0.192045217835655     
   4.44605625000000        7.11249000000000      -0.182931783866208     
   4.74232666666667       2.000000000000000E-003 -0.387781123483557     
   4.74232666666667       0.298270416666667      -0.424330081285278     
   4.74232666666667       0.594540833333333      -0.462817354073166     
   4.74232666666667       0.890811250000000      -0.499965795125438     
   4.74232666666667        1.18708166666667      -0.533044823453507     
   4.74232666666667        1.48335208333333      -0.561084401573803     
   4.74232666666667        1.77962250000000      -0.583795020799606     
   4.74232666666667        2.07589291666667      -0.591703444066486     
   4.74232666666667        2.37216333333333      -0.580443377824519     
   4.74232666666667        2.66843375000000      -0.553131521169298     
   4.74232666666667        2.96470416666667      -0.519008455988670     
   4.74232666666667        3.26097458333333      -0.487364272226007     
   4.74232666666667        3.55724500000000      -0.454305593608594     
   4.74232666666667        3.85351541666667      -0.414468683560323     
   4.74232666666667        4.14978583333333      -0.377846188338849     
   4.74232666666667        4.44605625000000      -0.349663915029985     
   4.74232666666667        4.74232666666667      -0.324273509127732     
   4.74232666666667        5.03859708333333      -0.298236724085380     
   4.74232666666667        5.33486750000000      -0.272787911845335     
   4.74232666666667        5.63113791666667      -0.250081673319959     
   4.74232666666667        5.92740833333333      -0.230332636689059     
   4.74232666666667        6.22367875000000      -0.213927721152540     
   4.74232666666667        6.51994916666667      -0.200838657349346     
   4.74232666666667        6.81621958333333      -0.190453057869967     
   4.74232666666667        7.11249000000000      -0.181757740054251     
   5.03859708333333       2.000000000000000E-003 -0.367523489504958     
   5.03859708333333       0.298270416666667      -0.397120655475054     
   5.03859708333333       0.594540833333333      -0.427840402319086     
   5.03859708333333       0.890811250000000      -0.456999936287804     
   5.03859708333333        1.18708166666667      -0.482010322906402     
   5.03859708333333        1.48335208333333      -0.501036974945067     
   5.03859708333333        1.77962250000000      -0.513037661877757     
   5.03859708333333        2.07589291666667      -0.516106626694914     
   5.03859708333333        2.37216333333333      -0.506686678785514     
   5.03859708333333        2.66843375000000      -0.486994304489196     
   5.03859708333333        2.96470416666667      -0.462174337822542     
   5.03859708333333        3.26097458333333      -0.435922857721753     
   5.03859708333333        3.55724500000000      -0.407368024495687     
   5.03859708333333        3.85351541666667      -0.375971615276097     
   5.03859708333333        4.14978583333333      -0.345959036906427     
   5.03859708333333        4.44605625000000      -0.320601605142472     
   5.03859708333333        4.74232666666667      -0.298780461388607     
   5.03859708333333        5.03859708333333      -0.278369782327418     
   5.03859708333333        5.33486750000000      -0.258830937521527     
   5.03859708333333        5.63113791666667      -0.240416047521655     
   5.03859708333333        5.92740833333333      -0.223892162429836     
   5.03859708333333        6.22367875000000      -0.209806993101813     
   5.03859708333333        6.51994916666667      -0.198248253616058     
   5.03859708333333        6.81621958333333      -0.188782028949481     
   5.03859708333333        7.11249000000000      -0.180554360471411     
   5.33486750000000       2.000000000000000E-003 -0.348572967142289     
   5.33486750000000       0.298270416666667      -0.371720405625456     
   5.33486750000000       0.594540833333333      -0.395124289471967     
   5.33486750000000       0.890811250000000      -0.417090668999482     
   5.33486750000000        1.18708166666667      -0.435437627551998     
   5.33486750000000        1.48335208333333      -0.448429535173935     
   5.33486750000000        1.77962250000000      -0.455172949573198     
   5.33486750000000        2.07589291666667      -0.455017574023325     
   5.33486750000000        2.37216333333333      -0.447670576222444     
   5.33486750000000        2.66843375000000      -0.433619796474497     
   5.33486750000000        2.96470416666667      -0.415076498868411     
   5.33486750000000        3.26097458333333      -0.393703178390688     
   5.33486750000000        3.55724500000000      -0.369904348610641     
   5.33486750000000        3.85351541666667      -0.344589278155541     
   5.33486750000000        4.14978583333333      -0.320184552405501     
   5.33486750000000        4.44605625000000      -0.298671372223298     
   5.33486750000000        4.74232666666667      -0.280057275346251     
   5.33486750000000        5.03859708333333      -0.263148059450482     
   5.33486750000000        5.33486750000000      -0.246926918582121     
   5.33486750000000        5.63113791666667      -0.231649233321387     
   5.33486750000000        5.92740833333333      -0.217799192524249     
   5.33486750000000        6.22367875000000      -0.205799249579496     
   5.33486750000000        6.51994916666667      -0.195750196434057     
   5.33486750000000        6.81621958333333      -0.187223716387273     
   5.33486750000000        7.11249000000000      -0.179448952343193     
   5.63113791666667       2.000000000000000E-003 -0.331821028706411     
   5.63113791666667       0.298270416666667      -0.349064215036363     
   5.63113791666667       0.594540833333333      -0.365842434726442     
   5.63113791666667       0.890811250000000      -0.381698161038865     
   5.63113791666667        1.18708166666667      -0.394933293810796     
   5.63113791666667        1.48335208333333      -0.403876491094504     
   5.63113791666667        1.77962250000000      -0.407827294070171     
   5.63113791666667        2.07589291666667      -0.406684134976636     
   5.63113791666667        2.37216333333333      -0.400528026170157     
   5.63113791666667        2.66843375000000      -0.389946454342211     
   5.63113791666667        2.96470416666667      -0.375810855057271     
   5.63113791666667        3.26097458333333      -0.358707883693493     
   5.63113791666667        3.55724500000000      -0.339356915486244     
   5.63113791666667        3.85351541666667      -0.318929659369429     
   5.63113791666667        4.14978583333333      -0.299124044641508     
   5.63113791666667        4.44605625000000      -0.281268450265942     
   5.63113791666667        4.74232666666667      -0.265212280615381     
   5.63113791666667        5.03859708333333      -0.250416771429034     
   5.63113791666667        5.33486750000000      -0.236597353004745     
   5.63113791666667        5.63113791666667      -0.223777451514147     
   5.63113791666667        5.92740833333333      -0.212127175793064     
   5.63113791666667        6.22367875000000      -0.201993967557248     
   5.63113791666667        6.51994916666667      -0.193409977335722     
   5.63113791666667        6.81621958333333      -0.185858050907292     
   5.63113791666667        7.11249000000000      -0.178489533217730     
   5.92740833333333       2.000000000000000E-003 -0.317889110180962     
   5.92740833333333       0.298270416666667      -0.329654887731829     
   5.92740833333333       0.594540833333333      -0.340303724142160     
   5.92740833333333       0.890811250000000      -0.351095246952095     
   5.92740833333333        1.18708166666667      -0.360501073671355     
   5.92740833333333        1.48335208333333      -0.366724377951958     
   5.92740833333333        1.77962250000000      -0.369012198508041     
   5.92740833333333        2.07589291666667      -0.367510019262261     
   5.92740833333333        2.37216333333333      -0.362457272289341     
   5.92740833333333        2.66843375000000      -0.354070294650911     
   5.92740833333333        2.96470416666667      -0.342793215143512     
   5.92740833333333        3.26097458333333      -0.329129460260780     
   5.92740833333333        3.55724500000000      -0.313694305106734     
   5.92740833333333        3.85351541666667      -0.297388626701601     
   5.92740833333333        4.14978583333333      -0.281260040350173     
   5.92740833333333        4.44605625000000      -0.266064934476250     
   5.92740833333333        4.74232666666667      -0.252062324904305     
   5.92740833333333        5.03859708333333      -0.239203884707652     
   5.92740833333333        5.33486750000000      -0.227402023941878     
   5.92740833333333        5.63113791666667      -0.216514106233451     
   5.92740833333333        5.92740833333333      -0.206679709511223     
   5.92740833333333        6.22367875000000      -0.198176522794663     
   5.92740833333333        6.51994916666667      -0.191029839374884     
   5.92740833333333        6.81621958333333      -0.184568984622025     
   5.92740833333333        7.11249000000000      -0.177572006683800     
   6.22367875000000       2.000000000000000E-003 -0.306718683738059     
   6.22367875000000       0.298270416666667      -0.313069337662313     
   6.22367875000000       0.594540833333333      -0.318169287596971     
   6.22367875000000       0.890811250000000      -0.325249250319922     
   6.22367875000000        1.18708166666667      -0.331835582032308     
   6.22367875000000        1.48335208333333      -0.335935106346776     
   6.22367875000000        1.77962250000000      -0.336987097347174     
   6.22367875000000        2.07589291666667      -0.335209503499105     
   6.22367875000000        2.37216333333333      -0.330928204975781     
   6.22367875000000        2.66843375000000      -0.324181911320376     
   6.22367875000000        2.96470416666667      -0.315148695416760     
   6.22367875000000        3.26097458333333      -0.304172878624713     
   6.22367875000000        3.55724500000000      -0.291744125932076     
   6.22367875000000        3.85351541666667      -0.278501736634758     
   6.22367875000000        4.14978583333333      -0.265142047490469     
   6.22367875000000        4.44605625000000      -0.252244548071131     
   6.22367875000000        4.74232666666667      -0.240161729181768     
   6.22367875000000        5.03859708333333      -0.229051418224895     
   6.22367875000000        5.33486750000000      -0.218901927432408     
   6.22367875000000        5.63113791666667      -0.209568379129376     
   6.22367875000000        5.92740833333333      -0.201174708784384     
   6.22367875000000        6.22367875000000      -0.193956233864773     
   6.22367875000000        6.51994916666667      -0.188093280720061     
   6.22367875000000        6.81621958333333      -0.182959883012942     
   6.22367875000000        7.11249000000000      -0.176395146261984     
   6.51994916666667       2.000000000000000E-003 -0.295792893465564     
   6.51994916666667       0.298270416666667      -0.296948030933391     
   6.51994916666667       0.594540833333333      -0.298995498787336     
   6.51994916666667       0.890811250000000      -0.304130664064473     
   6.51994916666667        1.18708166666667      -0.308360501336983     
   6.51994916666667        1.48335208333333      -0.310419730691949     
   6.51994916666667        1.77962250000000      -0.310268808696198     
   6.51994916666667        2.07589291666667      -0.308145865592595     
   6.51994916666667        2.37216333333333      -0.304302589398478     
   6.51994916666667        2.66843375000000      -0.298744342341313     
   6.51994916666667        2.96470416666667      -0.291456752837526     
   6.51994916666667        3.26097458333333      -0.282620693036439     
   6.51994916666667        3.55724500000000      -0.272560232011740     
   6.51994916666667        3.85351541666667      -0.261714419357947     
   6.51994916666667        4.14978583333333      -0.250581949591246     
   6.51994916666667        4.44605625000000      -0.239633233147443     
   6.51994916666667        4.74232666666667      -0.229233963755833     
   6.51994916666667        5.03859708333333      -0.219623001835380     
   6.51994916666667        5.33486750000000      -0.210811079952008     
   6.51994916666667        5.63113791666667      -0.202743557001265     
   6.51994916666667        5.92740833333333      -0.195452778468203     
   6.51994916666667        6.22367875000000      -0.189044267891738     
   6.51994916666667        6.51994916666667      -0.183871181871701     
   6.51994916666667        6.81621958333333      -0.180125607288836     
   6.51994916666667        7.11249000000000      -0.174418254523906     
   6.81621958333333       2.000000000000000E-003 -0.277956498077338     
   6.81621958333333       0.298270416666667      -0.279128061765092     
   6.81621958333333       0.594540833333333      -0.283578547231709     
   6.81621958333333       0.890811250000000      -0.286898511035334     
   6.81621958333333        1.18708166666667      -0.288549302742615     
   6.81621958333333        1.48335208333333      -0.288678940314887     
   6.81621958333333        1.77962250000000      -0.287439577912302     
   6.81621958333333        2.07589291666667      -0.284967558188227     
   6.81621958333333        2.37216333333333      -0.281395787348106     
   6.81621958333333        2.66843375000000      -0.276701879166104     
   6.81621958333333        2.96470416666667      -0.270764139596959     
   6.81621958333333        3.26097458333333      -0.263627832099258     
   6.81621958333333        3.55724500000000      -0.255466342151378     
   6.81621958333333        3.85351541666667      -0.246558192605826     
   6.81621958333333        4.14978583333333      -0.237263748069804     
   6.81621958333333        4.44605625000000      -0.227969215293770     
   6.81621958333333        4.74232666666667      -0.219017538241805     
   6.81621958333333        5.03859708333333      -0.210656277978569     
   6.81621958333333        5.33486750000000      -0.202972001276961     
   6.81621958333333        5.63113791666667      -0.195967551307416     
   6.81621958333333        5.92740833333333      -0.189601047881703     
   6.81621958333333        6.22367875000000      -0.183788601046002     
   6.81621958333333        6.51994916666667      -0.178628851888784     
   6.81621958333333        6.81621958333333      -0.174959838926074     
   6.81621958333333        7.11249000000000      -0.170683297514211     
   7.11249000000000       2.000000000000000E-003 -0.257030560164709     
   7.11249000000000       0.298270416666667      -0.265297680206850     
   7.11249000000000       0.594540833333333      -0.268044001021473     
   7.11249000000000       0.890811250000000      -0.269437340346590     
   7.11249000000000        1.18708166666667      -0.269749155316279     
   7.11249000000000        1.48335208333333      -0.268950954082828     
   7.11249000000000        1.77962250000000      -0.267203467767884     
   7.11249000000000        2.07589291666667      -0.264646662000564     
   7.11249000000000        2.37216333333333      -0.261347703626238     
   7.11249000000000        2.66843375000000      -0.257338949350369     
   7.11249000000000        2.96470416666667      -0.252458720065073     
   7.11249000000000        3.26097458333333      -0.246665571085834     
   7.11249000000000        3.55724500000000      -0.240021134211950     
   7.11249000000000        3.85351541666667      -0.232684382917184     
   7.11249000000000        4.14978583333333      -0.224912759041684     
   7.11249000000000        4.44605625000000      -0.217020794259244     
   7.11249000000000        4.74232666666667      -0.209311752432409     
   7.11249000000000        5.03859708333333      -0.202015046162517     
   7.11249000000000        5.33486750000000      -0.195297711726099     
   7.11249000000000        5.63113791666667      -0.189201559455936     
   7.11249000000000        5.92740833333333      -0.183685939920278     
   7.11249000000000        6.22367875000000      -0.178651954878680     
   7.11249000000000        6.51994916666667      -0.174091131653737     
   7.11249000000000        6.81621958333333      -0.169961857949894     
   7.11249000000000        7.11249000000000      -0.164555338273498     
