  2.000000000000000E-003  2.000000000000000E-003 -0.420121305209917     
  2.000000000000000E-003  0.298270416666667      -0.445483769374076     
  2.000000000000000E-003  0.594540833333333      -0.456794486092462     
  2.000000000000000E-003  0.890811250000000      -0.464374738341173     
  2.000000000000000E-003   1.18708166666667      -0.467164700170363     
  2.000000000000000E-003   1.48335208333333      -0.464049174821209     
  2.000000000000000E-003   1.77962250000000      -0.455092501349888     
  2.000000000000000E-003   2.07589291666667      -0.441296583537139     
  2.000000000000000E-003   2.37216333333333      -0.424384382154843     
  2.000000000000000E-003   2.66843375000000      -0.406146812838357     
  2.000000000000000E-003   2.96470416666667      -0.385559772475478     
  2.000000000000000E-003   3.26097458333333      -0.363102738502648     
  2.000000000000000E-003   3.55724500000000      -0.340131155196689     
  2.000000000000000E-003   3.85351541666667      -0.317956890464992     
  2.000000000000000E-003   4.14978583333333      -0.297412029294956     
  2.000000000000000E-003   4.44605625000000      -0.278793721466743     
  2.000000000000000E-003   4.74232666666667      -0.262111673448810     
  2.000000000000000E-003   5.03859708333333      -0.247390654908881     
  2.000000000000000E-003   5.33486750000000      -0.234714447730610     
  2.000000000000000E-003   5.63113791666667      -0.223986179288844     
  2.000000000000000E-003   5.92740833333333      -0.214998652891023     
  2.000000000000000E-003   6.22367875000000      -0.207356875942013     
  2.000000000000000E-003   6.51994916666667      -0.200412565309887     
  2.000000000000000E-003   6.81621958333333      -0.192794632008293     
  2.000000000000000E-003   7.11249000000000      -0.183011977592212     
  0.298270416666667       2.000000000000000E-003 -0.445483906908396     
  0.298270416666667       0.298270416666667      -0.469981287433420     
  0.298270416666667       0.594540833333333      -0.490625084534374     
  0.298270416666667       0.890811250000000      -0.508970842824756     
  0.298270416666667        1.18708166666667      -0.517041819670947     
  0.298270416666667        1.48335208333333      -0.515059454954965     
  0.298270416666667        1.77962250000000      -0.504716929752742     
  0.298270416666667        2.07589291666667      -0.487502014071289     
  0.298270416666667        2.37216333333333      -0.466615975107899     
  0.298270416666667        2.66843375000000      -0.444189165124984     
  0.298270416666667        2.96470416666667      -0.418724155902652     
  0.298270416666667        3.26097458333333      -0.391054836089918     
  0.298270416666667        3.55724500000000      -0.363109424989879     
  0.298270416666667        3.85351541666667      -0.336607804617429     
  0.298270416666667        4.14978583333333      -0.312497939699879     
  0.298270416666667        4.44605625000000      -0.290994781663420     
  0.298270416666667        4.74232666666667      -0.271959945711696     
  0.298270416666667        5.03859708333333      -0.255277437763906     
  0.298270416666667        5.33486750000000      -0.240961785728939     
  0.298270416666667        5.63113791666667      -0.228864140302582     
  0.298270416666667        5.92740833333333      -0.218721973419653     
  0.298270416666667        6.22367875000000      -0.210080026445531     
  0.298270416666667        6.51994916666667      -0.202246866586284     
  0.298270416666667        6.81621958333333      -0.194428669741061     
  0.298270416666667        7.11249000000000      -0.186501018381828     
  0.594540833333333       2.000000000000000E-003 -0.456794740197954     
  0.594540833333333       0.298270416666667      -0.490625310435136     
  0.594540833333333       0.594540833333333      -0.523062953749974     
  0.594540833333333       0.890811250000000      -0.550372527482543     
  0.594540833333333        1.18708166666667      -0.564459602253665     
  0.594540833333333        1.48335208333333      -0.564936950685766     
  0.594540833333333        1.77962250000000      -0.554166385878129     
  0.594540833333333        2.07589291666667      -0.534241559862643     
  0.594540833333333        2.37216333333333      -0.509694132007813     
  0.594540833333333        2.66843375000000      -0.482881231443565     
  0.594540833333333        2.96470416666667      -0.452035558790378     
  0.594540833333333        3.26097458333333      -0.418729235142573     
  0.594540833333333        3.55724500000000      -0.385572549338197     
  0.594540833333333        3.85351541666667      -0.354657499787800     
  0.594540833333333        4.14978583333333      -0.326960317740983     
  0.594540833333333        4.44605625000000      -0.302545052008982     
  0.594540833333333        4.74232666666667      -0.281105326781448     
  0.594540833333333        5.03859708333333      -0.262392500977281     
  0.594540833333333        5.33486750000000      -0.246351355945557     
  0.594540833333333        5.63113791666667      -0.232797259517035     
  0.594540833333333        5.92740833333333      -0.221404553136124     
  0.594540833333333        6.22367875000000      -0.211681569391458     
  0.594540833333333        6.51994916666667      -0.203022094436196     
  0.594540833333333        6.81621958333333      -0.194890753058858     
  0.594540833333333        7.11249000000000      -0.186768666918049     
  0.890811250000000       2.000000000000000E-003 -0.464374920843217     
  0.890811250000000       0.298270416666667      -0.508970989993311     
  0.890811250000000       0.594540833333333      -0.550372543875694     
  0.890811250000000       0.890811250000000      -0.583818800651873     
  0.890811250000000        1.18708166666667      -0.603418183081238     
  0.890811250000000        1.48335208333333      -0.607742978063288     
  0.890811250000000        1.77962250000000      -0.597563612521347     
  0.890811250000000        2.07589291666667      -0.575656146109994     
  0.890811250000000        2.37216333333333      -0.549706464540585     
  0.890811250000000        2.66843375000000      -0.518933357807381     
  0.890811250000000        2.96470416666667      -0.482891923884270     
  0.890811250000000        3.26097458333333      -0.444205451604192     
  0.890811250000000        3.55724500000000      -0.406170668543167     
  0.890811250000000        3.85351541666667      -0.371169669977848     
  0.890811250000000        4.14978583333333      -0.340141209927266     
  0.890811250000000        4.44605625000000      -0.312971078358111     
  0.890811250000000        4.74232666666667      -0.289205358759695     
  0.890811250000000        5.03859708333333      -0.268523733655400     
  0.890811250000000        5.33486750000000      -0.250809491157105     
  0.890811250000000        5.63113791666667      -0.235878142281137     
  0.890811250000000        5.92740833333333      -0.223333750634296     
  0.890811250000000        6.22367875000000      -0.212652130907428     
  0.890811250000000        6.51994916666667      -0.203249072926700     
  0.890811250000000        6.81621958333333      -0.194544479644974     
  0.890811250000000        7.11249000000000      -0.186052341411239     
   1.18708166666667       2.000000000000000E-003 -0.467164644013862     
   1.18708166666667       0.298270416666667      -0.517041704397797     
   1.18708166666667       0.594540833333333      -0.564459420563873     
   1.18708166666667       0.890811250000000      -0.603418026330879     
   1.18708166666667        1.18708166666667      -0.628516212608326     
   1.18708166666667        1.48335208333333      -0.637047274036223     
   1.18708166666667        1.77962250000000      -0.628753330178640     
   1.18708166666667        2.07589291666667      -0.608623052002819     
   1.18708166666667        2.37216333333333      -0.583120960674824     
   1.18708166666667        2.66843375000000      -0.549744882358422     
   1.18708166666667        2.96470416666667      -0.509744996102161     
   1.18708166666667        3.26097458333333      -0.466668669865134     
   1.18708166666667        3.55724500000000      -0.424436085459777     
   1.18708166666667        3.85351541666667      -0.385796074599001     
   1.18708166666667        4.14978583333333      -0.351728110167381     
   1.18708166666667        4.44605625000000      -0.321979464572760     
   1.18708166666667        4.74232666666667      -0.296001715747059     
   1.18708166666667        5.03859708333333      -0.273469832548353     
   1.18708166666667        5.33486750000000      -0.254250224669416     
   1.18708166666667        5.63113791666667      -0.238129950795811     
   1.18708166666667        5.92740833333333      -0.224625207643973     
   1.18708166666667        6.22367875000000      -0.213124858559780     
   1.18708166666667        6.51994916666667      -0.203020506177672     
   1.18708166666667        6.81621958333333      -0.193776606938143     
   1.18708166666667        7.11249000000000      -0.185010227328974     
   1.48335208333333       2.000000000000000E-003 -0.464048795981404     
   1.48335208333333       0.298270416666667      -0.515059001232916     
   1.48335208333333       0.594540833333333      -0.564936463931128     
   1.48335208333333       0.890811250000000      -0.607742550383874     
   1.48335208333333        1.18708166666667      -0.637047017245771     
   1.48335208333333        1.48335208333333      -0.649014995880747     
   1.48335208333333        1.77962250000000      -0.644603821203938     
   1.48335208333333        2.07589291666667      -0.631499996885588     
   1.48335208333333        2.37216333333333      -0.608719685596763     
   1.48335208333333        2.66843375000000      -0.575808750778659     
   1.48335208333333        2.96470416666667      -0.534415489020470     
   1.48335208333333        3.26097458333333      -0.487628266624477     
   1.48335208333333        3.55724500000000      -0.441399204190233     
   1.48335208333333        3.85351541666667      -0.399059488141877     
   1.48335208333333        4.14978583333333      -0.361928801750723     
   1.48335208333333        4.44605625000000      -0.329529909156876     
   1.48335208333333        4.74232666666667      -0.301346856443383     
   1.48335208333333        5.03859708333333      -0.277091758027668     
   1.48335208333333        5.33486750000000      -0.256603964830603     
   1.48335208333333        5.63113791666667      -0.239555169374350     
   1.48335208333333        5.92740833333333      -0.225325920228328     
   1.48335208333333        6.22367875000000      -0.213185483070311     
   1.48335208333333        6.51994916666667      -0.202495065579393     
   1.48335208333333        6.81621958333333      -0.192801987657515     
   1.48335208333333        7.11249000000000      -0.183817579064604     
   1.77962250000000       2.000000000000000E-003 -0.455091806119947     
   1.77962250000000       0.298270416666667      -0.504716142985902     
   1.77962250000000       0.594540833333333      -0.554165577268970     
   1.77962250000000       0.890811250000000      -0.597562881090454     
   1.77962250000000        1.18708166666667      -0.628752780214965     
   1.77962250000000        1.48335208333333      -0.644603529632406     
   1.77962250000000        1.77962250000000      -0.649840785005652     
   1.77962250000000        2.07589291666667      -0.644758861403321     
   1.77962250000000        2.37216333333333      -0.628979782058125     
   1.77962250000000        2.66843375000000      -0.597846763105103     
   1.77962250000000        2.96470416666667      -0.554371934396904     
   1.77962250000000        3.26097458333333      -0.504876131423225     
   1.77962250000000        3.55724500000000      -0.455219423495965     
   1.77962250000000        3.85351541666667      -0.409816629215805     
   1.77962250000000        4.14978583333333      -0.369852813599580     
   1.77962250000000        4.44605625000000      -0.335163393071743     
   1.77962250000000        4.74232666666667      -0.305042129270917     
   1.77962250000000        5.03859708333333      -0.279247592661554     
   1.77962250000000        5.33486750000000      -0.257812586162076     
   1.77962250000000        5.63113791666667      -0.240168207278862     
   1.77962250000000        5.92740833333333      -0.225485897117774     
   1.77962250000000        6.22367875000000      -0.212908604449274     
   1.77962250000000        6.51994916666667      -0.201787029625569     
   1.77962250000000        6.81621958333333      -0.191753396990680     
   1.77962250000000        7.11249000000000      -0.182612428378303     
   2.07589291666667       2.000000000000000E-003 -0.441295639498707     
   2.07589291666667       0.298270416666667      -0.487500962347717     
   2.07589291666667       0.594540833333333      -0.534240480621281     
   2.07589291666667       0.890811250000000      -0.575655146848443     
   2.07589291666667        1.18708166666667      -0.608622226253454     
   2.07589291666667        1.48335208333333      -0.631499416166977     
   2.07589291666667        1.77962250000000      -0.644758565614685     
   2.07589291666667        2.07589291666667      -0.649330564798401     
   2.07589291666667        2.37216333333333      -0.637419996481362     
   2.07589291666667        2.66843375000000      -0.608132145323409     
   2.07589291666667        2.96470416666667      -0.565262102518700     
   2.07589291666667        3.26097458333333      -0.515280749520528     
   2.07589291666667        3.55724500000000      -0.464211257708263     
   2.07589291666667        3.85351541666667      -0.416548855914601     
   2.07589291666667        4.14978583333333      -0.374211853951157     
   2.07589291666667        4.44605625000000      -0.337576697567202     
   2.07589291666667        4.74232666666667      -0.306188405902345     
   2.07589291666667        5.03859708333333      -0.279655737238730     
   2.07589291666667        5.33486750000000      -0.257825952170524     
   2.07589291666667        5.63113791666667      -0.240015034864504     
   2.07589291666667        5.92740833333333      -0.225160508879782     
   2.07589291666667        6.22367875000000      -0.212337079337049     
   2.07589291666667        6.51994916666667      -0.200932318230301     
   2.07589291666667        6.81621958333333      -0.190676660301002     
   2.07589291666667        7.11249000000000      -0.181452588713539     
   2.37216333333333       2.000000000000000E-003 -0.424383284025656     
   2.37216333333333       0.298270416666667      -0.466614745363566     
   2.37216333333333       0.594540833333333      -0.509692854259510     
   2.37216333333333       0.890811250000000      -0.549705242692866     
   2.37216333333333        1.18708166666667      -0.583119895618275     
   2.37216333333333        1.48335208333333      -0.608718851369746     
   2.37216333333333        1.77962250000000      -0.628979213730871     
   2.37216333333333        2.07589291666667      -0.637419719539656     
   2.37216333333333        2.37216333333333      -0.628919969331139     
   2.37216333333333        2.66843375000000      -0.603842872863012     
   2.37216333333333        2.96470416666667      -0.564831783375631     
   2.37216333333333        3.26097458333333      -0.517341863165804     
   2.37216333333333        3.55724500000000      -0.467347574187489     
   2.37216333333333        3.85351541666667      -0.418794087136517     
   2.37216333333333        4.14978583333333      -0.374669543413442     
   2.37216333333333        4.44605625000000      -0.336788569847370     
   2.37216333333333        4.74232666666667      -0.304940938212370     
   2.37216333333333        5.03859708333333      -0.278380040636318     
   2.37216333333333        5.33486750000000      -0.256676037570614     
   2.37216333333333        5.63113791666667      -0.239163182099931     
   2.37216333333333        5.92740833333333      -0.224372103878033     
   2.37216333333333        6.22367875000000      -0.211443544935903     
   2.37216333333333        6.51994916666667      -0.199887975322037     
   2.37216333333333        6.81621958333333      -0.189534086802076     
   2.37216333333333        7.11249000000000      -0.180320898716858     
   2.66843375000000       2.000000000000000E-003 -0.406145625940956     
   2.66843375000000       0.298270416666667      -0.444187824287637     
   2.66843375000000       0.594540833333333      -0.482879823185277     
   2.66843375000000       0.890811250000000      -0.518931990039282     
   2.66843375000000        1.18708166666667      -0.549743656385485     
   2.66843375000000        1.48335208333333      -0.575807730711883     
   2.66843375000000        1.77962250000000      -0.597845986319957     
   2.66843375000000        2.07589291666667      -0.608131652015436     
   2.66843375000000        2.37216333333333      -0.603842651054942     
   2.66843375000000        2.66843375000000      -0.584236697607582     
   2.66843375000000        2.96470416666667      -0.550800065048535     
   2.66843375000000        3.26097458333333      -0.509310196266282     
   2.66843375000000        3.55724500000000      -0.464578975278352     
   2.66843375000000        3.85351541666667      -0.416765323200884     
   2.66843375000000        4.14978583333333      -0.371642596521672     
   2.66843375000000        4.44605625000000      -0.333869591365132     
   2.66843375000000        4.74232666666667      -0.302594817685523     
   2.66843375000000        5.03859708333333      -0.276496671373566     
   2.66843375000000        5.33486750000000      -0.255046554457298     
   2.66843375000000        5.63113791666667      -0.237744662317076     
   2.66843375000000        5.92740833333333      -0.223097287376735     
   2.66843375000000        6.22367875000000      -0.210125835488359     
   2.66843375000000        6.51994916666667      -0.198512666574525     
   2.66843375000000        6.81621958333333      -0.188186067129400     
   2.66843375000000        7.11249000000000      -0.179096967218712     
   2.96470416666667       2.000000000000000E-003 -0.385558588612425     
   2.96470416666667       0.298270416666667      -0.418722805604953     
   2.96470416666667       0.594540833333333      -0.452034128400354     
   2.96470416666667       0.890811250000000      -0.482890519866491     
   2.96470416666667        1.18708166666667      -0.509743713143092     
   2.96470416666667        1.48335208333333      -0.534414372248200     
   2.96470416666667        1.77962250000000      -0.554371042317625     
   2.96470416666667        2.07589291666667      -0.565261476152226     
   2.96470416666667        2.37216333333333      -0.564831407787164     
   2.96470416666667        2.66843375000000      -0.550799892176583     
   2.96470416666667        2.96470416666667      -0.523460339462321     
   2.96470416666667        3.26097458333333      -0.491011590137696     
   2.96470416666667        3.55724500000000      -0.457046275631602     
   2.96470416666667        3.85351541666667      -0.410963439575667     
   2.96470416666667        4.14978583333333      -0.367071788775557     
   2.96470416666667        4.44605625000000      -0.331446275365240     
   2.96470416666667        4.74232666666667      -0.301032034518251     
   2.96470416666667        5.03859708333333      -0.275021720831699     
   2.96470416666667        5.33486750000000      -0.253441203530848     
   2.96470416666667        5.63113791666667      -0.235881447939989     
   2.96470416666667        5.92740833333333      -0.221204817105954     
   2.96470416666667        6.22367875000000      -0.208203265780985     
   2.96470416666667        6.51994916666667      -0.196642328076474     
   2.96470416666667        6.81621958333333      -0.186489439065534     
   2.96470416666667        7.11249000000000      -0.177651819060009     
   3.26097458333333       2.000000000000000E-003 -0.363101649533061     
   3.26097458333333       0.298270416666667      -0.391053580463383     
   3.26097458333333       0.594540833333333      -0.418727893413844     
   3.26097458333333       0.890811250000000      -0.444204121867669     
   3.26097458333333        1.18708166666667      -0.466667435165941     
   3.26097458333333        1.48335208333333      -0.487627161956580     
   3.26097458333333        1.77962250000000      -0.504875221760632     
   3.26097458333333        2.07589291666667      -0.515280073834712     
   3.26097458333333        2.37216333333333      -0.517341393958958     
   3.26097458333333        2.66843375000000      -0.509309867098752     
   3.26097458333333        2.96470416666667      -0.491011379548266     
   3.26097458333333        3.26097458333333      -0.470493192003760     
   3.26097458333333        3.55724500000000      -0.445718881770797     
   3.26097458333333        3.85351541666667      -0.403320950380444     
   3.26097458333333        4.14978583333333      -0.367517219949919     
   3.26097458333333        4.44605625000000      -0.333104981748697     
   3.26097458333333        4.74232666666667      -0.301042609257285     
   3.26097458333333        5.03859708333333      -0.273607932892969     
   3.26097458333333        5.33486750000000      -0.251279236529355     
   3.26097458333333        5.63113791666667      -0.233293489785223     
   3.26097458333333        5.92740833333333      -0.218376340647074     
   3.26097458333333        6.22367875000000      -0.205420214961997     
   3.26097458333333        6.51994916666667      -0.194087888938866     
   3.26097458333333        6.81621958333333      -0.184297907523368     
   3.26097458333333        7.11249000000000      -0.175854645909058     
   3.55724500000000       2.000000000000000E-003 -0.340130229613921     
   3.55724500000000       0.298270416666667      -0.363108343036706     
   3.55724500000000       0.594540833333333      -0.385571380768591     
   3.55724500000000       0.890811250000000      -0.406169498357841     
   3.55724500000000        1.18708166666667      -0.424434984340365     
   3.55724500000000        1.48335208333333      -0.441398200110195     
   3.55724500000000        1.77962250000000      -0.455218584659125     
   3.55724500000000        2.07589291666667      -0.464210611366911     
   3.55724500000000        2.37216333333333      -0.467347075051010     
   3.55724500000000        2.66843375000000      -0.464578515919296     
   3.55724500000000        2.96470416666667      -0.457045806332989     
   3.55724500000000        3.26097458333333      -0.445718612402929     
   3.55724500000000        3.55724500000000      -0.420394919256050     
   3.55724500000000        3.85351541666667      -0.406848076647033     
   3.55724500000000        4.14978583333333      -0.376298642049153     
   3.55724500000000        4.44605625000000      -0.335724876675299     
   3.55724500000000        4.74232666666667      -0.299144623781526     
   3.55724500000000        5.03859708333333      -0.269765996358286     
   3.55724500000000        5.33486750000000      -0.246927149222346     
   3.55724500000000        5.63113791666667      -0.228953834927313     
   3.55724500000000        5.92740833333333      -0.214159753708214     
   3.55724500000000        6.22367875000000      -0.201540309705927     
   3.55724500000000        6.51994916666667      -0.190714228281140     
   3.55724500000000        6.81621958333333      -0.181511796518933     
   3.55724500000000        7.11249000000000      -0.173604474067536     
   3.85351541666667       2.000000000000000E-003 -0.317956163843600     
   3.85351541666667       0.298270416666667      -0.336606938339757     
   3.85351541666667       0.594540833333333      -0.354656549635291     
   3.85351541666667       0.890811250000000      -0.371168706607644     
   3.85351541666667        1.18708166666667      -0.385795158883810     
   3.85351541666667        1.48335208333333      -0.399058647794382     
   3.85351541666667        1.77962250000000      -0.409815920889820     
   3.85351541666667        2.07589291666667      -0.416548305857331     
   3.85351541666667        2.37216333333333      -0.418793644547864     
   3.85351541666667        2.66843375000000      -0.416764869000183     
   3.85351541666667        2.96470416666667      -0.410962900362603     
   3.85351541666667        3.26097458333333      -0.403320563307629     
   3.85351541666667        3.55724500000000      -0.406848003387247     
   3.85351541666667        3.85351541666667      -0.401472387818567     
   3.85351541666667        4.14978583333333      -0.368987216484687     
   3.85351541666667        4.44605625000000      -0.326505022703721     
   3.85351541666667        4.74232666666667      -0.289359289785126     
   3.85351541666667        5.03859708333333      -0.260598254666267     
   3.85351541666667        5.33486750000000      -0.238901451128742     
   3.85351541666667        5.63113791666667      -0.222113347061064     
   3.85351541666667        5.92740833333333      -0.208294975874680     
   3.85351541666667        6.22367875000000      -0.196512327630440     
   3.85351541666667        6.51994916666667      -0.186538028265242     
   3.85351541666667        6.81621958333333      -0.178144402817865     
   3.85351541666667        7.11249000000000      -0.170882939878915     
   4.14978583333333       2.000000000000000E-003 -0.297411502186332     
   4.14978583333333       0.298270416666667      -0.312497293718222     
   4.14978583333333       0.594540833333333      -0.326959593972939     
   4.14978583333333       0.890811250000000      -0.340140464556166     
   4.14978583333333        1.18708166666667      -0.351727395785051     
   4.14978583333333        1.48335208333333      -0.361928147966378     
   4.14978583333333        1.77962250000000      -0.369852266947101     
   4.14978583333333        2.07589291666667      -0.374211439640296     
   4.14978583333333        2.37216333333333      -0.374669226200326     
   4.14978583333333        2.66843375000000      -0.371642293146760     
   4.14978583333333        2.96470416666667      -0.367071456442184     
   4.14978583333333        3.26097458333333      -0.367516998053178     
   4.14978583333333        3.55724500000000      -0.376298660508585     
   4.14978583333333        3.85351541666667      -0.368987281937366     
   4.14978583333333        4.14978583333333      -0.339144600067086     
   4.14978583333333        4.44605625000000      -0.302921611174588     
   4.14978583333333        4.74232666666667      -0.270954971727543     
   4.14978583333333        5.03859708333333      -0.246101409567711     
   4.14978583333333        5.33486750000000      -0.227449295080386     
   4.14978583333333        5.63113791666667      -0.213092247750154     
   4.14978583333333        5.92740833333333      -0.201065655193224     
   4.14978583333333        6.22367875000000      -0.190598012016595     
   4.14978583333333        6.51994916666667      -0.181782422036300     
   4.14978583333333        6.81621958333333      -0.174355127287058     
   4.14978583333333        7.11249000000000      -0.167786335710265     
   4.44605625000000       2.000000000000000E-003 -0.278793372845069     
   4.44605625000000       0.298270416666667      -0.290994336333007     
   4.44605625000000       0.594540833333333      -0.302544537397001     
   4.44605625000000       0.890811250000000      -0.312970536676506     
   4.44605625000000        1.18708166666667      -0.321978939735409     
   4.44605625000000        1.48335208333333      -0.329529435263433     
   4.44605625000000        1.77962250000000      -0.335163002964574     
   4.44605625000000        2.07589291666667      -0.337576416608662     
   4.44605625000000        2.37216333333333      -0.336788378527552     
   4.44605625000000        2.66843375000000      -0.333869438730134     
   4.44605625000000        2.96470416666667      -0.331446129799516     
   4.44605625000000        3.26097458333333      -0.333104881806329     
   4.44605625000000        3.55724500000000      -0.335724859495136     
   4.44605625000000        3.85351541666667      -0.326505028516892     
   4.44605625000000        4.14978583333333      -0.302921599466158     
   4.44605625000000        4.44605625000000      -0.274638297364907     
   4.44605625000000        4.74232666666667      -0.249325321062254     
   4.44605625000000        5.03859708333333      -0.229452716798016     
   4.44605625000000        5.33486750000000      -0.214645212723839     
   4.44605625000000        5.63113791666667      -0.203342741348884     
   4.44605625000000        5.92740833333333      -0.193234510212418     
   4.44605625000000        6.22367875000000      -0.184325107256503     
   4.44605625000000        6.51994916666667      -0.176825544880674     
   4.44605625000000        6.81621958333333      -0.170400371038292     
   4.44605625000000        7.11249000000000      -0.164487359456888     
   4.74232666666667       2.000000000000000E-003 -0.262111479604821     
   4.74232666666667       0.298270416666667      -0.271959674817413     
   4.74232666666667       0.594540833333333      -0.281104993816661     
   4.74232666666667       0.890811250000000      -0.289204993687023     
   4.74232666666667        1.18708166666667      -0.296001353901423     
   4.74232666666667        1.48335208333333      -0.301346529923386     
   4.74232666666667        1.77962250000000      -0.305041866574780     
   4.74232666666667        2.07589291666667      -0.306188226597776     
   4.74232666666667        2.37216333333333      -0.304940829588389     
   4.74232666666667        2.66843375000000      -0.302594742490764     
   4.74232666666667        2.96470416666667      -0.301031958328763     
   4.74232666666667        3.26097458333333      -0.301042525893515     
   4.74232666666667        3.55724500000000      -0.299144544451740     
   4.74232666666667        3.85351541666667      -0.289359218023599     
   4.74232666666667        4.14978583333333      -0.270954914295419     
   4.74232666666667        4.44605625000000      -0.249325291890509     
   4.74232666666667        4.74232666666667      -0.229682692352520     
   4.74232666666667        5.03859708333333      -0.214245468630794     
   4.74232666666667        5.33486750000000      -0.203008860049959     
   4.74232666666667        5.63113791666667      -0.194099092046304     
   4.74232666666667        5.92740833333333      -0.185630608770654     
   4.74232666666667        6.22367875000000      -0.178273614873151     
   4.74232666666667        6.51994916666667      -0.172055112060346     
   4.74232666666667        6.81621958333333      -0.166532125691447     
   4.74232666666667        7.11249000000000      -0.161165850193230     
   5.03859708333333       2.000000000000000E-003 -0.247390600025808     
   5.03859708333333       0.298270416666667      -0.255277319705963     
   5.03859708333333       0.594540833333333      -0.262392323129860     
   5.03859708333333       0.890811250000000      -0.268523514583559     
   5.03859708333333        1.18708166666667      -0.273469602001951     
   5.03859708333333        1.48335208333333      -0.277091544556536     
   5.03859708333333        1.77962250000000      -0.279247419560717     
   5.03859708333333        2.07589291666667      -0.279655621182716     
   5.03859708333333        2.37216333333333      -0.278379972603788     
   5.03859708333333        2.66843375000000      -0.276496621338874     
   5.03859708333333        2.96470416666667      -0.275021657424527     
   5.03859708333333        3.26097458333333      -0.273607843013404     
   5.03859708333333        3.55724500000000      -0.269765889432620     
   5.03859708333333        3.85351541666667      -0.260598151841899     
   5.03859708333333        4.14978583333333      -0.246101331589523     
   5.03859708333333        4.44605625000000      -0.229452673207206     
   5.03859708333333        4.74232666666667      -0.214245453895885     
   5.03859708333333        5.03859708333333      -0.202427002215535     
   5.03859708333333        5.33486750000000      -0.193808652220049     
   5.03859708333333        5.63113791666667      -0.185887293496438     
   5.03859708333333        5.92740833333333      -0.178819059770619     
   5.03859708333333        6.22367875000000      -0.172840439046153     
   5.03859708333333        6.51994916666667      -0.167707722941129     
   5.03859708333333        6.81621958333333      -0.162907466286126     
   5.03859708333333        7.11249000000000      -0.157962469749961     
   5.33486750000000       2.000000000000000E-003 -0.234714500870622     
   5.33486750000000       0.298270416666667      -0.240961785425001     
   5.33486750000000       0.594540833333333      -0.246351294701695     
   5.33486750000000       0.890811250000000      -0.250809381620810     
   5.33486750000000        1.18708166666667      -0.254250091176504     
   5.33486750000000        1.48335208333333      -0.256603832305157     
   5.33486750000000        1.77962250000000      -0.257812474088845     
   5.33486750000000        2.07589291666667      -0.257825870709267     
   5.33486750000000        2.37216333333333      -0.256675985097377     
   5.33486750000000        2.66843375000000      -0.255046510326870     
   5.33486750000000        2.96470416666667      -0.253441144877193     
   5.33486750000000        3.26097458333333      -0.251279153807688     
   5.33486750000000        3.55724500000000      -0.246927052070682     
   5.33486750000000        3.85351541666667      -0.238901359672527     
   5.33486750000000        4.14978583333333      -0.227449227940705     
   5.33486750000000        4.44605625000000      -0.214645175209834     
   5.33486750000000        4.74232666666667      -0.203008844570749     
   5.33486750000000        5.03859708333333      -0.193808647415128     
   5.33486750000000        5.33486750000000      -0.185810440323113     
   5.33486750000000        5.63113791666667      -0.178853103860345     
   5.33486750000000        5.92740833333333      -0.172994739194579     
   5.33486750000000        6.22367875000000      -0.168121985506115     
   5.33486750000000        6.51994916666667      -0.163839804165870     
   5.33486750000000        6.81621958333333      -0.159599906696284     
   5.33486750000000        7.11249000000000      -0.155001341255997     
   5.63113791666667       2.000000000000000E-003 -0.223986331707339     
   5.63113791666667       0.298270416666667      -0.228864237811786     
   5.63113791666667       0.594540833333333      -0.232797283096801     
   5.63113791666667       0.890811250000000      -0.235878102088636     
   5.63113791666667        1.18708166666667      -0.238129874205806     
   5.63113791666667        1.48335208333333      -0.239555085675034     
   5.63113791666667        1.77962250000000      -0.240168134084727     
   5.63113791666667        2.07589291666667      -0.240014978210999     
   5.63113791666667        2.37216333333333      -0.239163139745976     
   5.63113791666667        2.66843375000000      -0.237744624574211     
   5.63113791666667        2.96470416666667      -0.235881401834424     
   5.63113791666667        3.26097458333333      -0.233293429982163     
   5.63113791666667        3.55724500000000      -0.228953768106795     
   5.63113791666667        3.85351541666667      -0.222113287124790     
   5.63113791666667        4.14978583333333      -0.213092205318655     
   5.63113791666667        4.44605625000000      -0.203342717078622     
   5.63113791666667        4.74232666666667      -0.194099080918689     
   5.63113791666667        5.03859708333333      -0.185887289320605     
   5.63113791666667        5.33486750000000      -0.178853101940087     
   5.63113791666667        5.63113791666667      -0.172967258541740     
   5.63113791666667        5.92740833333333      -0.168133071114040     
   5.63113791666667        6.22367875000000      -0.164160923159938     
   5.63113791666667        6.51994916666667      -0.160557397317874     
   5.63113791666667        6.81621958333333      -0.156736624327767     
   5.63113791666667        7.11249000000000      -0.152378027413991     
   5.92740833333333       2.000000000000000E-003 -0.214998912613960     
   5.92740833333333       0.298270416666667      -0.218722164355826     
   5.92740833333333       0.594540833333333      -0.221404642756851     
   5.92740833333333       0.890811250000000      -0.223333751898740     
   5.92740833333333        1.18708166666667      -0.224625156828334     
   5.92740833333333        1.48335208333333      -0.225325855989047     
   5.92740833333333        1.77962250000000      -0.225485843860373     
   5.92740833333333        2.07589291666667      -0.225160469526209     
   5.92740833333333        2.37216333333333      -0.224372075291865     
   5.92740833333333        2.66843375000000      -0.223097263910545     
   5.92740833333333        2.96470416666667      -0.221204792519266     
   5.92740833333333        3.26097458333333      -0.218376311892564     
   5.92740833333333        3.55724500000000      -0.214159723375018     
   5.92740833333333        3.85351541666667      -0.208294950145269     
   5.92740833333333        4.14978583333333      -0.201065638999088     
   5.92740833333333        4.44605625000000      -0.193234503910037     
   5.92740833333333        4.74232666666667      -0.185630608136441     
   5.92740833333333        5.03859708333333      -0.178819058538744     
   5.92740833333333        5.33486750000000      -0.172994732796254     
   5.92740833333333        5.63113791666667      -0.168133057264457     
   5.92740833333333        5.92740833333333      -0.164216085497646     
   5.92740833333333        6.22367875000000      -0.161001372695946     
   5.92740833333333        6.51994916666667      -0.157939374946336     
   5.92740833333333        6.81621958333333      -0.154380644960310     
   5.92740833333333        7.11249000000000      -0.150084138774194     
   6.22367875000000       2.000000000000000E-003 -0.207357242930529     
   6.22367875000000       0.298270416666667      -0.210080295978482     
   6.22367875000000       0.594540833333333      -0.211681699611474     
   6.22367875000000       0.890811250000000      -0.212652147025395     
   6.22367875000000        1.18708166666667      -0.213124810644348     
   6.22367875000000        1.48335208333333      -0.213185420266540     
   6.22367875000000        1.77962250000000      -0.212908557612898     
   6.22367875000000        2.07589291666667      -0.212337052048219     
   6.22367875000000        2.37216333333333      -0.211443530194561     
   6.22367875000000        2.66843375000000      -0.210125829295959     
   6.22367875000000        2.96470416666667      -0.208203264355060     
   6.22367875000000        3.26097458333333      -0.205420215876530     
   6.22367875000000        3.55724500000000      -0.201540313019999     
   6.22367875000000        3.85351541666667      -0.196512335115701     
   6.22367875000000        4.14978583333333      -0.190598024568815     
   6.22367875000000        4.44605625000000      -0.184325122303477     
   6.22367875000000        4.74232666666667      -0.178273625811346     
   6.22367875000000        5.03859708333333      -0.172840437549042     
   6.22367875000000        5.33486750000000      -0.168121959977066     
   6.22367875000000        5.63113791666667      -0.164160869559613     
   6.22367875000000        5.92740833333333      -0.161001318504481     
   6.22367875000000        6.22367875000000      -0.158431572662064     
   6.22367875000000        6.51994916666667      -0.155866803203901     
   6.22367875000000        6.81621958333333      -0.152465487339948     
   6.22367875000000        7.11249000000000      -0.147982761352292     
   6.51994916666667       2.000000000000000E-003 -0.200412982861436     
   6.51994916666667       0.298270416666667      -0.202247149184821     
   6.51994916666667       0.594540833333333      -0.203022205397107     
   6.51994916666667       0.890811250000000      -0.203249060136170     
   6.51994916666667        1.18708166666667      -0.203020436682211     
   6.51994916666667        1.48335208333333      -0.202494993668496     
   6.51994916666667        1.77962250000000      -0.201786984448876     
   6.51994916666667        2.07589291666667      -0.200932301648528     
   6.51994916666667        2.37216333333333      -0.199887973816517     
   6.51994916666667        2.66843375000000      -0.198512677361321     
   6.51994916666667        2.96470416666667      -0.196642348639045     
   6.51994916666667        3.26097458333333      -0.194087916668442     
   6.51994916666667        3.55724500000000      -0.190714261357968     
   6.51994916666667        3.85351541666667      -0.186538065420619     
   6.51994916666667        4.14978583333333      -0.181782460440672     
   6.51994916666667        4.44605625000000      -0.176825578149007     
   6.51994916666667        4.74232666666667      -0.172055129953049     
   6.51994916666667        5.03859708333333      -0.167707713048036     
   6.51994916666667        5.33486750000000      -0.163839744226900     
   6.51994916666667        5.63113791666667      -0.160557282198830     
   6.51994916666667        5.92740833333333      -0.157939228303222     
   6.51994916666667        6.22367875000000      -0.155866680946235     
   6.51994916666667        6.51994916666667      -0.153843353566410     
   6.51994916666667        6.81621958333333      -0.150776886712323     
   6.51994916666667        7.11249000000000      -0.145969047585150     
   6.81621958333333       2.000000000000000E-003 -0.192794925573562     
   6.81621958333333       0.298270416666667      -0.194428825799948     
   6.81621958333333       0.594540833333333      -0.194890729859454     
   6.81621958333333       0.890811250000000      -0.194544371161292     
   6.81621958333333        1.18708166666667      -0.193776489609267     
   6.81621958333333        1.48335208333333      -0.192801900237993     
   6.81621958333333        1.77962250000000      -0.191753353350739     
   6.81621958333333        2.07589291666667      -0.190676653081024     
   6.81621958333333        2.37216333333333      -0.189534096329349     
   6.81621958333333        2.66843375000000      -0.188186091125611     
   6.81621958333333        2.96470416666667      -0.186489476130637     
   6.81621958333333        3.26097458333333      -0.184297954627205     
   6.81621958333333        3.55724500000000      -0.181511850394997     
   6.81621958333333        3.85351541666667      -0.178144460262502     
   6.81621958333333        4.14978583333333      -0.174355182498664     
   6.81621958333333        4.44605625000000      -0.170400414191443     
   6.81621958333333        4.74232666666667      -0.166532143060475     
   6.81621958333333        5.03859708333333      -0.162907439546501     
   6.81621958333333        5.33486750000000      -0.159599810072466     
   6.81621958333333        5.63113791666667      -0.156736449746932     
   6.81621958333333        5.92740833333333      -0.154380405112927     
   6.81621958333333        6.22367875000000      -0.152465215793219     
   6.81621958333333        6.51994916666667      -0.150776662882373     
   6.81621958333333        6.81621958333333      -0.148520574242406     
   6.81621958333333        7.11249000000000      -0.143931572401845     
   7.11249000000000       2.000000000000000E-003 -0.183012059060114     
   7.11249000000000       0.298270416666667      -0.186500930921712     
   7.11249000000000       0.594540833333333      -0.186768426881478     
   7.11249000000000       0.890811250000000      -0.186052113525388     
   7.11249000000000        1.18708166666667      -0.185010061795296     
   7.11249000000000        1.48335208333333      -0.183817480393275     
   7.11249000000000        1.77962250000000      -0.182612388337919     
   7.11249000000000        2.07589291666667      -0.181452588551010     
   7.11249000000000        2.37216333333333      -0.180320913871967     
   7.11249000000000        2.66843375000000      -0.179096997016454     
   7.11249000000000        2.96470416666667      -0.177651863321388     
   7.11249000000000        3.26097458333333      -0.175854701430650     
   7.11249000000000        3.55724500000000      -0.173604536603777     
   7.11249000000000        3.85351541666667      -0.170883005020292     
   7.11249000000000        4.14978583333333      -0.167786395828879     
   7.11249000000000        4.44605625000000      -0.164487402819096     
   7.11249000000000        4.74232666666667      -0.161165861248805     
   7.11249000000000        5.03859708333333      -0.157962427630038     
   7.11249000000000        5.33486750000000      -0.155001223742983     
   7.11249000000000        5.63113791666667      -0.152377827302951     
   7.11249000000000        5.92740833333333      -0.150083864517665     
   7.11249000000000        6.22367875000000      -0.147982432383730     
   7.11249000000000        6.51994916666667      -0.145968708781918     
   7.11249000000000        6.81621958333333      -0.143931354892260     
   7.11249000000000        7.11249000000000      -0.140495158576654     
