  2.000000000000000E-003  2.000000000000000E-003 -0.646899606084309     
  2.000000000000000E-003  0.298270416666667      -0.629216870887859     
  2.000000000000000E-003  0.594540833333333      -0.577965461314201     
  2.000000000000000E-003  0.890811250000000      -0.512464354469387     
  2.000000000000000E-003   1.18708166666667      -0.454155617695205     
  2.000000000000000E-003   1.48335208333333      -0.407280676402731     
  2.000000000000000E-003   1.77962250000000      -0.369860413788406     
  2.000000000000000E-003   2.07589291666667      -0.339336700253998     
  2.000000000000000E-003   2.37216333333333      -0.313686838412811     
  2.000000000000000E-003   2.66843375000000      -0.291743966514458     
  2.000000000000000E-003   2.96470416666667      -0.272562396663869     
  2.000000000000000E-003   3.26097458333333      -0.255465998835893     
  2.000000000000000E-003   3.55724500000000      -0.240013747943492     
  2.000000000000000E-003   3.85351541666667      -0.225957601501951     
  2.000000000000000E-003   4.14978583333333      -0.213190488298115     
  2.000000000000000E-003   4.44605625000000      -0.201664340216225     
  2.000000000000000E-003   4.74232666666667      -0.191312406576859     
  2.000000000000000E-003   5.03859708333333      -0.182016014157154     
  2.000000000000000E-003   5.33486750000000      -0.173848936109976     
  2.000000000000000E-003   5.63113791666667      -0.166769485481287     
  2.000000000000000E-003   5.92740833333333      -0.160683832280678     
  2.000000000000000E-003   6.22367875000000      -0.155492012540718     
  2.000000000000000E-003   6.51994916666667      -0.151298599818753     
  2.000000000000000E-003   6.81621958333333      -0.148362799457202     
  2.000000000000000E-003   7.11249000000000      -0.144903708404692     
  0.298270416666667       2.000000000000000E-003 -0.795604230686856     
  0.298270416666667       0.298270416666667      -0.691922458730307     
  0.298270416666667       0.594540833333333      -0.612435346417187     
  0.298270416666667       0.890811250000000      -0.547689195493039     
  0.298270416666667        1.18708166666667      -0.487157313144692     
  0.298270416666667        1.48335208333333      -0.435820932589578     
  0.298270416666667        1.77962250000000      -0.393664128028134     
  0.298270416666667        2.07589291666667      -0.358704049115982     
  0.298270416666667        2.37216333333333      -0.329153587370203     
  0.298270416666667        2.66843375000000      -0.304216499552899     
  0.298270416666667        2.96470416666667      -0.282674077652822     
  0.298270416666667        3.26097458333333      -0.263681820119205     
  0.298270416666667        3.55724500000000      -0.246711480325596     
  0.298270416666667        3.85351541666667      -0.231459407934199     
  0.298270416666667        4.14978583333333      -0.217765358585909     
  0.298270416666667        4.44605625000000      -0.205524646728512     
  0.298270416666667        4.74232666666667      -0.194618674855599     
  0.298270416666667        5.03859708333333      -0.184893747654623     
  0.298270416666667        5.33486750000000      -0.176382952303466     
  0.298270416666667        5.63113791666667      -0.169080585867207     
  0.298270416666667        5.92740833333333      -0.162930090897715     
  0.298270416666667        6.22367875000000      -0.157927565558341     
  0.298270416666667        6.51994916666667      -0.154178248849383     
  0.298270416666667        6.81621958333333      -0.151312385874002     
  0.298270416666667        7.11249000000000      -0.147031296262417     
  0.594540833333333       2.000000000000000E-003 -0.883406234242198     
  0.594540833333333       0.298270416666667      -0.793264102577769     
  0.594540833333333       0.594540833333333      -0.672182588230399     
  0.594540833333333       0.890811250000000      -0.586899802997882     
  0.594540833333333        1.18708166666667      -0.518849544694826     
  0.594540833333333        1.48335208333333      -0.462088311288947     
  0.594540833333333        1.77962250000000      -0.415050063468442     
  0.594540833333333        2.07589291666667      -0.375825800249697     
  0.594540833333333        2.37216333333333      -0.342853969975815     
  0.594540833333333        2.66843375000000      -0.315241667107749     
  0.594540833333333        2.96470416666667      -0.291568117929111     
  0.594540833333333        3.26097458333333      -0.270879430403471     
  0.594540833333333        3.55724500000000      -0.252563791541575     
  0.594540833333333        3.85351541666667      -0.236253241093544     
  0.594540833333333        4.14978583333333      -0.221731992313479     
  0.594540833333333        4.44605625000000      -0.208848514315027     
  0.594540833333333        4.74232666666667      -0.197452831592336     
  0.594540833333333        5.03859708333333      -0.187373794497127     
  0.594540833333333        5.33486750000000      -0.178602485716355     
  0.594540833333333        5.63113791666667      -0.171147826829746     
  0.594540833333333        5.92740833333333      -0.164981126779601     
  0.594540833333333        6.22367875000000      -0.160052893489688     
  0.594540833333333        6.51994916666667      -0.156056238562183     
  0.594540833333333        6.81621958333333      -0.151977334060232     
  0.594540833333333        7.11249000000000      -0.147271203057616     
  0.890811250000000       2.000000000000000E-003 -0.916984721006403     
  0.890811250000000       0.298270416666667      -0.856605829457586     
  0.890811250000000       0.594540833333333      -0.740360943957411     
  0.890811250000000       0.890811250000000      -0.635832066783663     
  0.890811250000000        1.18708166666667      -0.552970121008404     
  0.890811250000000        1.48335208333333      -0.486910515730056     
  0.890811250000000        1.77962250000000      -0.433599301812877     
  0.890811250000000        2.07589291666667      -0.389985488290989     
  0.890811250000000        2.37216333333333      -0.354169835493115     
  0.890811250000000        2.66843375000000      -0.324328251199162     
  0.890811250000000        2.96470416666667      -0.298920319993999     
  0.890811250000000        3.26097458333333      -0.276886225671719     
  0.890811250000000        3.55724500000000      -0.257509695750917     
  0.890811250000000        3.85351541666667      -0.240340083822571     
  0.890811250000000        4.14978583333333      -0.225111009402715     
  0.890811250000000        4.44605625000000      -0.211647409905096     
  0.890811250000000        4.74232666666667      -0.199792966759463     
  0.890811250000000        5.03859708333333      -0.189386609283467     
  0.890811250000000        5.33486750000000      -0.180337540761200     
  0.890811250000000        5.63113791666667      -0.172652911931924     
  0.890811250000000        5.92740833333333      -0.166252250097542     
  0.890811250000000        6.22367875000000      -0.160944355292829     
  0.890811250000000        6.51994916666667      -0.156263593183796     
  0.890811250000000        6.81621958333333      -0.151547720818605     
  0.890811250000000        7.11249000000000      -0.146742382955830     
   1.18708166666667       2.000000000000000E-003 -0.910739979356134     
   1.18708166666667       0.298270416666667      -0.869604693470516     
   1.18708166666667       0.594540833333333      -0.774473167114294     
   1.18708166666667       0.890811250000000      -0.670672299149608     
   1.18708166666667        1.18708166666667      -0.580215305766192     
   1.18708166666667        1.48335208333333      -0.506569999279795     
   1.18708166666667        1.77962250000000      -0.447645090478230     
   1.18708166666667        2.07589291666667      -0.400583713093751     
   1.18708166666667        2.37216333333333      -0.362591600915905     
   1.18708166666667        2.66843375000000      -0.331130721182135     
   1.18708166666667        2.96470416666667      -0.304553806906761     
   1.18708166666667        3.26097458333333      -0.281664192413129     
   1.18708166666667        3.55724500000000      -0.261596480776731     
   1.18708166666667        3.85351541666667      -0.243796710003024     
   1.18708166666667        4.14978583333333      -0.227970164738630     
   1.18708166666667        4.44605625000000      -0.213965662932770     
   1.18708166666667        4.74232666666667      -0.201657058526785     
   1.18708166666667        5.03859708333333      -0.190896189289441     
   1.18708166666667        5.33486750000000      -0.181542497042986     
   1.18708166666667        5.63113791666667      -0.173536719912015     
   1.18708166666667        5.92740833333333      -0.166753195286277     
   1.18708166666667        6.22367875000000      -0.160949693120826     
   1.18708166666667        6.51994916666667      -0.155742687121102     
   1.18708166666667        6.81621958333333      -0.150752054594888     
   1.18708166666667        7.11249000000000      -0.145890193899647     
   1.48335208333333       2.000000000000000E-003 -0.875802640111653     
   1.48335208333333       0.298270416666667      -0.846351853455552     
   1.48335208333333       0.594540833333333      -0.771194686495346     
   1.48335208333333       0.890811250000000      -0.679511995717441     
   1.48335208333333        1.18708166666667      -0.591388654360710     
   1.48335208333333        1.48335208333333      -0.515936829210514     
   1.48335208333333        1.77962250000000      -0.454967678834514     
   1.48335208333333        2.07589291666667      -0.406740090210678     
   1.48335208333333        2.37216333333333      -0.367669962316872     
   1.48335208333333        2.66843375000000      -0.335475139525998     
   1.48335208333333        2.96470416666667      -0.308499773187184     
   1.48335208333333        3.26097458333333      -0.285354604364596     
   1.48335208333333        3.55724500000000      -0.265000690316370     
   1.48335208333333        3.85351541666667      -0.246771121482881     
   1.48335208333333        4.14978583333333      -0.230402204344960     
   1.48335208333333        4.44605625000000      -0.215845861616952     
   1.48335208333333        4.74232666666667      -0.203076562459689     
   1.48335208333333        5.03859708333333      -0.191952492709062     
   1.48335208333333        5.33486750000000      -0.182290393763552     
   1.48335208333333        5.63113791666667      -0.173941070606772     
   1.48335208333333        5.92740833333333      -0.166765025242156     
   1.48335208333333        6.22367875000000      -0.160543424678536     
   1.48335208333333        6.51994916666667      -0.154984812868889     
   1.48335208333333        6.81621958333333      -0.149828041946779     
   1.48335208333333        7.11249000000000      -0.144927236838869     
   1.77962250000000       2.000000000000000E-003 -0.820719443280854     
   1.77962250000000       0.298270416666667      -0.799208307562458     
   1.77962250000000       0.594540833333333      -0.740131034527897     
   1.77962250000000       0.890811250000000      -0.662728846620357     
   1.77962250000000        1.18708166666667      -0.583457927755527     
   1.77962250000000        1.48335208333333      -0.512833757984050     
   1.77962250000000        1.77962250000000      -0.455091806119949     
   1.77962250000000        2.07589291666667      -0.407858928700821     
   1.77962250000000        2.37216333333333      -0.369178806021976     
   1.77962250000000        2.66843375000000      -0.337315004725965     
   1.77962250000000        2.96470416666667      -0.310735405895908     
   1.77962250000000        3.26097458333333      -0.287965939566327     
   1.77962250000000        3.55724500000000      -0.267670928731738     
   1.77962250000000        3.85351541666667      -0.249143872230786     
   1.77962250000000        4.14978583333333      -0.232275794973710     
   1.77962250000000        4.44605625000000      -0.217232573301938     
   1.77962250000000        4.74232666666667      -0.204044491229641     
   1.77962250000000        5.03859708333333      -0.192615912160119     
   1.77962250000000        5.33486750000000      -0.182689878978648     
   1.77962250000000        5.63113791666667      -0.174052382969451     
   1.77962250000000        5.92740833333333      -0.166547750345142     
   1.77962250000000        6.22367875000000      -0.160009620345795     
   1.77962250000000        6.51994916666667      -0.154213449697812     
   1.77962250000000        6.81621958333333      -0.148938123779077     
   1.77962250000000        7.11249000000000      -0.144012337503301     
   2.07589291666667       2.000000000000000E-003 -0.750950310511370     
   2.07589291666667       0.298270416666667      -0.733721514335848     
   2.07589291666667       0.594540833333333      -0.688283829255860     
   2.07589291666667       0.890811250000000      -0.625534253492501     
   2.07589291666667        1.18708166666667      -0.560752434540893     
   2.07589291666667        1.48335208333333      -0.500812344561949     
   2.07589291666667        1.77962250000000      -0.448291074883931     
   2.07589291666667        2.07589291666667      -0.403842338183531     
   2.07589291666667        2.37216333333333      -0.366844969924970     
   2.07589291666667        2.66843375000000      -0.336272872594059     
   2.07589291666667        2.96470416666667      -0.310984195458626     
   2.07589291666667        3.26097458333333      -0.289354744832033     
   2.07589291666667        3.55724500000000      -0.269529944927665     
   2.07589291666667        3.85351541666667      -0.250707162437569     
   2.07589291666667        4.14978583333333      -0.233346172933199     
   2.07589291666667        4.44605625000000      -0.217985440629500     
   2.07589291666667        4.74232666666667      -0.204593555605381     
   2.07589291666667        5.03859708333333      -0.192947045093513     
   2.07589291666667        5.33486750000000      -0.182855264413433     
   2.07589291666667        5.63113791666667      -0.174007420026894     
   2.07589291666667        5.92740833333333      -0.166260306379646     
   2.07589291666667        6.22367875000000      -0.159490448937059     
   2.07589291666667        6.51994916666667      -0.153522958268177     
   2.07589291666667        6.81621958333333      -0.148160902695658     
   2.07589291666667        7.11249000000000      -0.143216097007445     
   2.37216333333333       2.000000000000000E-003 -0.674140872468894     
   2.37216333333333       0.298270416666667      -0.662330456124789     
   2.37216333333333       0.594540833333333      -0.629943690222235     
   2.37216333333333       0.890811250000000      -0.584162889023324     
   2.37216333333333        1.18708166666667      -0.532734892658734     
   2.37216333333333        1.48335208333333      -0.481742330836001     
   2.37216333333333        1.77962250000000      -0.435205264205003     
   2.37216333333333        2.07589291666667      -0.394773702683729     
   2.37216333333333        2.37216333333333      -0.360483279324200     
   2.37216333333333        2.66843375000000      -0.332078785562541     
   2.37216333333333        2.96470416666667      -0.308955871435085     
   2.37216333333333        3.26097458333333      -0.289375089896625     
   2.37216333333333        3.55724500000000      -0.270415171502985     
   2.37216333333333        3.85351541666667      -0.251146089607205     
   2.37216333333333        4.14978583333333      -0.233435362337335     
   2.37216333333333        4.44605625000000      -0.218223646436490     
   2.37216333333333        4.74232666666667      -0.204960755450652     
   2.37216333333333        5.03859708333333      -0.193209356234699     
   2.37216333333333        5.33486750000000      -0.182889574660939     
   2.37216333333333        5.63113791666667      -0.173877063469128     
   2.37216333333333        5.92740833333333      -0.165935126055833     
   2.37216333333333        6.22367875000000      -0.158995462091523     
   2.37216333333333        6.51994916666667      -0.152914204814449     
   2.37216333333333        6.81621958333333      -0.147491795350078     
   2.37216333333333        7.11249000000000      -0.142533700664080     
   2.66843375000000       2.000000000000000E-003 -0.610941316997881     
   2.66843375000000       0.298270416666667      -0.602221366430407     
   2.66843375000000       0.594540833333333      -0.577725954843752     
   2.66843375000000       0.890811250000000      -0.541730633995460     
   2.66843375000000        1.18708166666667      -0.499647233550484     
   2.66843375000000        1.48335208333333      -0.456679614072631     
   2.66843375000000        1.77962250000000      -0.416765989912564     
   2.66843375000000        2.07589291666667      -0.381391314321946     
   2.66843375000000        2.37216333333333      -0.350870397517692     
   2.66843375000000        2.66843375000000      -0.325254150659351     
   2.66843375000000        2.96470416666667      -0.304592554689302     
   2.66843375000000        3.26097458333333      -0.287817133677987     
   2.66843375000000        3.55724500000000      -0.270134127898128     
   2.66843375000000        3.85351541666667      -0.250020463195440     
   2.66843375000000        4.14978583333333      -0.232759026439521     
   2.66843375000000        4.44605625000000      -0.218590039912489     
   2.66843375000000        4.74232666666667      -0.205613596281362     
   2.66843375000000        5.03859708333333      -0.193622733923277     
   2.66843375000000        5.33486750000000      -0.182942805094150     
   2.66843375000000        5.63113791666667      -0.173651904820038     
   2.66843375000000        5.92740833333333      -0.165532047711516     
   2.66843375000000        6.22367875000000      -0.158463405342838     
   2.66843375000000        6.51994916666667      -0.152303646445160     
   2.66843375000000        6.81621958333333      -0.146846838633213     
   2.66843375000000        7.11249000000000      -0.141886470201726     
   2.96470416666667       2.000000000000000E-003 -0.551458505234035     
   2.96470416666667       0.298270416666667      -0.544635423006543     
   2.96470416666667       0.594540833333333      -0.525331674791055     
   2.96470416666667       0.890811250000000      -0.496570939741710     
   2.96470416666667        1.18708166666667      -0.462492380524638     
   2.96470416666667        1.48335208333333      -0.427496477882200     
   2.96470416666667        1.77962250000000      -0.394751801359539     
   2.96470416666667        2.07589291666667      -0.365459405154784     
   2.96470416666667        2.37216333333333      -0.339927559828788     
   2.96470416666667        2.66843375000000      -0.317874509395921     
   2.96470416666667        2.96470416666667      -0.299042684608364     
   2.96470416666667        3.26097458333333      -0.284347394717210     
   2.96470416666667        3.55724500000000      -0.268669696842794     
   2.96470416666667        3.85351541666667      -0.247760571746653     
   2.96470416666667        4.14978583333333      -0.233203337249984     
   2.96470416666667        4.44605625000000      -0.220298867016045     
   2.96470416666667        4.74232666666667      -0.206781841211261     
   2.96470416666667        5.03859708333333      -0.194011011941397     
   2.96470416666667        5.33486750000000      -0.182798365423420     
   2.96470416666667        5.63113791666667      -0.173190881209679     
   2.96470416666667        5.92740833333333      -0.164915590721226     
   2.96470416666667        6.22367875000000      -0.157783376101040     
   2.96470416666667        6.51994916666667      -0.151601637574151     
   2.96470416666667        6.81621958333333      -0.146144271067649     
   2.96470416666667        7.11249000000000      -0.141195173213397     
   3.26097458333333       2.000000000000000E-003 -0.493326728156722     
   3.26097458333333       0.298270416666667      -0.488009176549748     
   3.26097458333333       0.594540833333333      -0.473003196542374     
   3.26097458333333       0.890811250000000      -0.450606222316595     
   3.26097458333333        1.18708166666667      -0.424027853656877     
   3.26097458333333        1.48335208333333      -0.396805636685318     
   3.26097458333333        1.77962250000000      -0.371402320144437     
   3.26097458333333        2.07589291666667      -0.348768754220897     
   3.26097458333333        2.37216333333333      -0.329399081192724     
   3.26097458333333        2.66843375000000      -0.312837728334409     
   3.26097458333333        2.96470416666667      -0.296698049739391     
   3.26097458333333        3.26097458333333      -0.279199641605589     
   3.26097458333333        3.55724500000000      -0.265676884661029     
   3.26097458333333        3.85351541666667      -0.248431762336874     
   3.26097458333333        4.14978583333333      -0.237261158722273     
   3.26097458333333        4.44605625000000      -0.222393690342795     
   3.26097458333333        4.74232666666667      -0.207000248189645     
   3.26097458333333        5.03859708333333      -0.193362294661493     
   3.26097458333333        5.33486750000000      -0.181849534508724     
   3.26097458333333        5.63113791666667      -0.172165259871042     
   3.26097458333333        5.92740833333333      -0.163878989862814     
   3.26097458333333        6.22367875000000      -0.156803753556840     
   3.26097458333333        6.51994916666667      -0.150688169741765     
   3.26097458333333        6.81621958333333      -0.145284222825634     
   3.26097458333333        7.11249000000000      -0.140373894487208     
   3.55724500000000       2.000000000000000E-003 -0.439338455332926     
   3.55724500000000       0.298270416666667      -0.435334563240678     
   3.55724500000000       0.594540833333333      -0.424104532565274     
   3.55724500000000       0.890811250000000      -0.407373383367933     
   3.55724500000000        1.18708166666667      -0.387534277112628     
   3.55724500000000        1.48335208333333      -0.367290759482217     
   3.55724500000000        1.77962250000000      -0.348389142211103     
   3.55724500000000        2.07589291666667      -0.331747009695429     
   3.55724500000000        2.37216333333333      -0.317999632367954     
   3.55724500000000        2.66843375000000      -0.307077071502451     
   3.55724500000000        2.96470416666667      -0.296303783644791     
   3.55724500000000        3.26097458333333      -0.278147880392160     
   3.55724500000000        3.55724500000000      -0.257075819260665     
   3.55724500000000        3.85351541666667      -0.246888653222066     
   3.55724500000000        4.14978583333333      -0.233628052656920     
   3.55724500000000        4.44605625000000      -0.217939679654725     
   3.55724500000000        4.74232666666667      -0.203152954738421     
   3.55724500000000        5.03859708333333      -0.190319119019670     
   3.55724500000000        5.33486750000000      -0.179449192411891     
   3.55724500000000        5.63113791666667      -0.170227403011883     
   3.55724500000000        5.92740833333333      -0.162238711999116     
   3.55724500000000        6.22367875000000      -0.155396733654842     
   3.55724500000000        6.51994916666667      -0.149456899701695     
   3.55724500000000        6.81621958333333      -0.144173944108718     
   3.55724500000000        7.11249000000000      -0.139343653909630     
   3.85351541666667       2.000000000000000E-003 -0.392732804190244     
   3.85351541666667       0.298270416666667      -0.389848135401138     
   3.85351541666667       0.594540833333333      -0.381762306661505     
   3.85351541666667       0.890811250000000      -0.369674285384218     
   3.85351541666667        1.18708166666667      -0.355262260546948     
   3.85351541666667        1.48335208333333      -0.340448485768854     
   3.85351541666667        1.77962250000000      -0.326457764396509     
   3.85351541666667        2.07589291666667      -0.313839865346846     
   3.85351541666667        2.37216333333333      -0.302879248470429     
   3.85351541666667        2.66843375000000      -0.292660732974207     
   3.85351541666667        2.96470416666667      -0.279890455933570     
   3.85351541666667        3.26097458333333      -0.262924582359010     
   3.85351541666667        3.55724500000000      -0.252353222647795     
   3.85351541666667        3.85351541666667      -0.232356623675156     
   3.85351541666667        4.14978583333333      -0.216936602052007     
   3.85351541666667        4.44605625000000      -0.205962172103849     
   3.85351541666667        4.74232666666667      -0.195197690690093     
   3.85351541666667        5.03859708333333      -0.184909298218142     
   3.85351541666667        5.33486750000000      -0.175602663675313     
   3.85351541666667        5.63113791666667      -0.167336898887042     
   3.85351541666667        5.92740833333333      -0.159962093984447     
   3.85351541666667        6.22367875000000      -0.153526707820583     
   3.85351541666667        6.51994916666667      -0.147863176600551     
   3.85351541666667        6.81621958333333      -0.142764854883922     
   3.85351541666667        7.11249000000000      -0.138060259846514     
   4.14978583333333       2.000000000000000E-003 -0.354828066738391     
   4.14978583333333       0.298270416666667      -0.352782371959105     
   4.14978583333333       0.594540833333333      -0.347013281251624     
   4.14978583333333       0.890811250000000      -0.338286269599644     
   4.14978583333333        1.18708166666667      -0.327703606303787     
   4.14978583333333        1.48335208333333      -0.316561534877328     
   4.14978583333333        1.77962250000000      -0.305633655810932     
   4.14978583333333        2.07589291666667      -0.295112863734456     
   4.14978583333333        2.37216333333333      -0.284797653013120     
   4.14978583333333        2.66843375000000      -0.273486487956933     
   4.14978583333333        2.96470416666667      -0.259975062742996     
   4.14978583333333        3.26097458333333      -0.248877042378710     
   4.14978583333333        3.55724500000000      -0.244052330639855     
   4.14978583333333        3.85351541666667      -0.227115101509996     
   4.14978583333333        4.14978583333333      -0.207923321619413     
   4.14978583333333        4.44605625000000      -0.196006266687648     
   4.14978583333333        4.74232666666667      -0.187006638641725     
   4.14978583333333        5.03859708333333      -0.178744701071181     
   4.14978583333333        5.33486750000000      -0.171005599988094     
   4.14978583333333        5.63113791666667      -0.163831909195335     
   4.14978583333333        5.92740833333333      -0.157208033245741     
   4.14978583333333        6.22367875000000      -0.151272043580829     
   4.14978583333333        6.51994916666667      -0.145943670055608     
   4.14978583333333        6.81621958333333      -0.141072121704238     
   4.14978583333333        7.11249000000000      -0.136531804813801     
   4.44605625000000       2.000000000000000E-003 -0.324581948092080     
   4.44605625000000       0.298270416666667      -0.323075951723712     
   4.44605625000000       0.594540833333333      -0.318790631978668     
   4.44605625000000       0.890811250000000      -0.312200593765474     
   4.44605625000000        1.18708166666667      -0.304007198930287     
   4.44605625000000        1.48335208333333      -0.295036130913363     
   4.44605625000000        1.77962250000000      -0.285883728704736     
   4.44605625000000        2.07589291666667      -0.276492904098122     
   4.44605625000000        2.37216333333333      -0.266676586452498     
   4.44605625000000        2.66843375000000      -0.256057097166408     
   4.44605625000000        2.96470416666667      -0.245261825949713     
   4.44605625000000        3.26097458333333      -0.237233244323041     
   4.44605625000000        3.55724500000000      -0.230799728212441     
   4.44605625000000        3.85351541666667      -0.218032417901770     
   4.44605625000000        4.14978583333333      -0.202056911479602     
   4.44605625000000        4.44605625000000      -0.189664510852342     
   4.44605625000000        4.74232666666667      -0.180636302414980     
   4.44605625000000        5.03859708333333      -0.173176068015830     
   4.44605625000000        5.33486750000000      -0.166452674909035     
   4.44605625000000        5.63113791666667      -0.160158130309694     
   4.44605625000000        5.92740833333333      -0.154226640475134     
   4.44605625000000        6.22367875000000      -0.148782187810103     
   4.44605625000000        6.51994916666667      -0.143794368435256     
   4.44605625000000        6.81621958333333      -0.139162267169152     
   4.44605625000000        7.11249000000000      -0.134811739181096     
   4.74232666666667       2.000000000000000E-003 -0.299801228290678     
   4.74232666666667       0.298270416666667      -0.298603557172404     
   4.74232666666667       0.594540833333333      -0.295168935930619     
   4.74232666666667       0.890811250000000      -0.289814493875509     
   4.74232666666667        1.18708166666667      -0.283015264263449     
   4.74232666666667        1.48335208333333      -0.275326202473953     
   4.74232666666667        1.77962250000000      -0.267240454047275     
   4.74232666666667        2.07589291666667      -0.258773487022774     
   4.74232666666667        2.37216333333333      -0.249898394894911     
   4.74232666666667        2.66843375000000      -0.240772782378997     
   4.74232666666667        2.96470416666667      -0.232091693015697     
   4.74232666666667        3.26097458333333      -0.224730064577113     
   4.74232666666667        3.55724500000000      -0.217329527416775     
   4.74232666666667        3.85351541666667      -0.207086455164942     
   4.74232666666667        4.14978583333333      -0.194950619352330     
   4.74232666666667        4.44605625000000      -0.184081683546312     
   4.74232666666667        4.74232666666667      -0.175452097627294     
   4.74232666666667        5.03859708333333      -0.168431114865506     
   4.74232666666667        5.33486750000000      -0.162312513879561     
   4.74232666666667        5.63113791666667      -0.156618055994430     
   4.74232666666667        5.92740833333333      -0.151226789171294     
   4.74232666666667        6.22367875000000      -0.146206507984602     
   4.74232666666667        6.51994916666667      -0.141520200275781     
   4.74232666666667        6.81621958333333      -0.137111225871433     
   4.74232666666667        7.11249000000000      -0.132963125916849     
   5.03859708333333       2.000000000000000E-003 -0.278761809442139     
   5.03859708333333       0.298270416666667      -0.277720611727186     
   5.03859708333333       0.594540833333333      -0.274743284347611     
   5.03859708333333       0.890811250000000      -0.270075138767498     
   5.03859708333333        1.18708166666667      -0.264113736613427     
   5.03859708333333        1.48335208333333      -0.257298380024203     
   5.03859708333333        1.77962250000000      -0.250020908847810     
   5.03859708333333        2.07589291666667      -0.242499444580023     
   5.03859708333333        2.37216333333333      -0.234751965021079     
   5.03859708333333        2.66843375000000      -0.227014796464245     
   5.03859708333333        2.96470416666667      -0.219637591994014     
   5.03859708333333        3.26097458333333      -0.212706701373176     
   5.03859708333333        3.55724500000000      -0.205446018444944     
   5.03859708333333        3.85351541666667      -0.196882732807486     
   5.03859708333333        4.14978583333333      -0.187406003344623     
   5.03859708333333        4.44605625000000      -0.178402041246317     
   5.03859708333333        4.74232666666667      -0.170693220625410     
   5.03859708333333        5.03859708333333      -0.164223792957558     
   5.03859708333333        5.33486750000000      -0.158559811014803     
   5.03859708333333        5.63113791666667      -0.153282626788677     
   5.03859708333333        5.92740833333333      -0.148327804621147     
   5.03859708333333        6.22367875000000      -0.143646509938586     
   5.03859708333333        6.51994916666667      -0.139185949733423     
   5.03859708333333        6.81621958333333      -0.134957155757517     
   5.03859708333333        7.11249000000000      -0.131016209755634     
   5.33486750000000       2.000000000000000E-003 -0.260553276165071     
   5.33486750000000       0.298270416666667      -0.259652427881266     
   5.33486750000000       0.594540833333333      -0.257007962699192     
   5.33486750000000       0.890811250000000      -0.252799449527773     
   5.33486750000000        1.18708166666667      -0.247392378479650     
   5.33486750000000        1.48335208333333      -0.241241066872105     
   5.33486750000000        1.77962250000000      -0.234737321691876     
   5.33486750000000        2.07589291666667      -0.228096943705812     
   5.33486750000000        2.37216333333333      -0.221412016649581     
   5.33486750000000        2.66843375000000      -0.214787879975557     
   5.33486750000000        2.96470416666667      -0.208341373711519     
   5.33486750000000        3.26097458333333      -0.201974124152611     
   5.33486750000000        3.55724500000000      -0.195298048474184     
   5.33486750000000        3.85351541666667      -0.187984794946028     
   5.33486750000000        4.14978583333333      -0.180264732206383     
   5.33486750000000        4.44605625000000      -0.172802367789106     
   5.33486750000000        4.74232666666667      -0.166110790226674     
   5.33486750000000        5.03859708333333      -0.160261444191840     
   5.33486750000000        5.33486750000000      -0.155001331027816     
   5.33486750000000        5.63113791666667      -0.150159435521476     
   5.33486750000000        5.92740833333333      -0.145591000736602     
   5.33486750000000        6.22367875000000      -0.141164404889692     
   5.33486750000000        6.51994916666667      -0.136852570502619     
   5.33486750000000        6.81621958333333      -0.132758623504134     
   5.33486750000000        7.11249000000000      -0.129049025817696     
   5.63113791666667       2.000000000000000E-003 -0.244447955381952     
   5.63113791666667       0.298270416666667      -0.243776692324713     
   5.63113791666667       0.594540833333333      -0.241640829014858     
   5.63113791666667       0.890811250000000      -0.237937511369703     
   5.63113791666667        1.18708166666667      -0.233015298248882     
   5.63113791666667        1.48335208333333      -0.227426591460655     
   5.63113791666667        1.77962250000000      -0.221581960632199     
   5.63113791666667        2.07589291666667      -0.215728274165159     
   5.63113791666667        2.37216333333333      -0.209921333687016     
   5.63113791666667        2.66843375000000      -0.204160250831040     
   5.63113791666667        2.96470416666667      -0.198417612826634     
   5.63113791666667        3.26097458333333      -0.192627991203341     
   5.63113791666667        3.55724500000000      -0.186601727526859     
   5.63113791666667        3.85351541666667      -0.180252045640899     
   5.63113791666667        4.14978583333333      -0.173739698579728     
   5.63113791666667        4.44605625000000      -0.167430280483310     
   5.63113791666667        4.74232666666667      -0.161608147072222     
   5.63113791666667        5.03859708333333      -0.156363296336434     
   5.63113791666667        5.33486750000000      -0.151631812440258     
   5.63113791666667        5.63113791666667      -0.147267356111486     
   5.63113791666667        5.92740833333333      -0.143062869681718     
   5.63113791666667        6.22367875000000      -0.138850791973862     
   5.63113791666667        6.51994916666667      -0.134599945466848     
   5.63113791666667        6.81621958333333      -0.130547112843778     
   5.63113791666667        7.11249000000000      -0.127067500732315     
   5.92740833333333       2.000000000000000E-003 -0.229919868890965     
   5.92740833333333       0.298270416666667      -0.229758381895081     
   5.92740833333333       0.594540833333333      -0.228490327138069     
   5.92740833333333       0.890811250000000      -0.225306824757956     
   5.92740833333333        1.18708166666667      -0.220731813707129     
   5.92740833333333        1.48335208333333      -0.215581658508203     
   5.92740833333333        1.77962250000000      -0.210303529290702     
   5.92740833333333        2.07589291666667      -0.205063250370727     
   5.92740833333333        2.37216333333333      -0.199912632665753     
   5.92740833333333        2.66843375000000      -0.194806413382971     
   5.92740833333333        2.96470416666667      -0.189675777827574     
   5.92740833333333        3.26097458333333      -0.184433413678751     
   5.92740833333333        3.55724500000000      -0.179007908465248     
   5.92740833333333        3.85351541666667      -0.173408915843138     
   5.92740833333333        4.14978583333333      -0.167774645869720     
   5.92740833333333        4.44605625000000      -0.162327523781428     
   5.92740833333333        4.74232666666667      -0.157260393585701     
   5.92740833333333        5.03859708333333      -0.152656372810389     
   5.92740833333333        5.33486750000000      -0.148485148177913     
   5.92740833333333        5.63113791666667      -0.144607288831808     
   5.92740833333333        5.92740833333333      -0.140815878408060     
   5.92740833333333        6.22367875000000      -0.136850894216857     
   5.92740833333333        6.51994916666667      -0.132566183644846     
   5.92740833333333        6.81621958333333      -0.128350801437778     
   5.92740833333333        7.11249000000000      -0.125067599626078     
   6.22367875000000       2.000000000000000E-003 -0.216653415599679     
   6.22367875000000       0.298270416666667      -0.217583774672082     
   6.22367875000000       0.594540833333333      -0.217503767921447     
   6.22367875000000       0.890811250000000      -0.214489080461263     
   6.22367875000000        1.18708166666667      -0.209936230178666     
   6.22367875000000        1.48335208333333      -0.205066728136077     
   6.22367875000000        1.77962250000000      -0.200263237401445     
   6.22367875000000        2.07589291666667      -0.195550589689874     
   6.22367875000000        2.37216333333333      -0.190916830217557     
   6.22367875000000        2.66843375000000      -0.186324999481682     
   6.22367875000000        2.96470416666667      -0.181715105778688     
   6.22367875000000        3.26097458333333      -0.177018298590990     
   6.22367875000000        3.55724500000000      -0.172194458884236     
   6.22367875000000        3.85351541666667      -0.167273991432293     
   6.22367875000000        4.14978583333333      -0.162370099834014     
   6.22367875000000        4.44605625000000      -0.157641181313448     
   6.22367875000000        4.74232666666667      -0.153223068170699     
   6.22367875000000        5.03859708333333      -0.149182150829002     
   6.22367875000000        5.33486750000000      -0.145509907494786     
   6.22367875000000        5.63113791666667      -0.142122223031363     
   6.22367875000000        5.92740833333333      -0.138838462523721     
   6.22367875000000        6.22367875000000      -0.135302823611618     
   6.22367875000000        6.51994916666667      -0.131048433006499     
   6.22367875000000        6.81621958333333      -0.126348081965154     
   6.22367875000000        7.11249000000000      -0.123118884146786     
   6.51994916666667       2.000000000000000E-003 -0.205760238998805     
   6.51994916666667       0.298270416666667      -0.208279069749218     
   6.51994916666667       0.594540833333333      -0.208344654842438     
   6.51994916666667       0.890811250000000      -0.204480057200416     
   6.51994916666667        1.18708166666667      -0.199770165867461     
   6.51994916666667        1.48335208333333      -0.195231272341928     
   6.51994916666667        1.77962250000000      -0.190912836323338     
   6.51994916666667        2.07589291666667      -0.186717630231256     
   6.51994916666667        2.37216333333333      -0.182587557693454     
   6.51994916666667        2.66843375000000      -0.178491948279048     
   6.51994916666667        2.96470416666667      -0.174404230500452     
   6.51994916666667        3.26097458333333      -0.170270632000883     
   6.51994916666667        3.55724500000000      -0.166052916720770     
   6.51994916666667        3.85351541666667      -0.161767406150193     
   6.51994916666667        4.14978583333333      -0.157495163923329     
   6.51994916666667        4.44605625000000      -0.153353138208225     
   6.51994916666667        4.74232666666667      -0.149446381573086     
   6.51994916666667        5.03859708333333      -0.145840300850071     
   6.51994916666667        5.33486750000000      -0.142561349041012     
   6.51994916666667        5.63113791666667      -0.139595910631627     
   6.51994916666667        5.92740833333333      -0.136856192128617     
   6.51994916666667        6.22367875000000      -0.134045082167251     
   6.51994916666667        6.51994916666667      -0.130411680243091     
   6.51994916666667        6.81621958333333      -0.125253168216573     
   6.51994916666667        7.11249000000000      -0.121698047966441     
   6.81621958333333       2.000000000000000E-003 -0.200321726690165     
   6.81621958333333       0.298270416666667      -0.201919472088338     
   6.81621958333333       0.594540833333333      -0.198529890668877     
   6.81621958333333       0.890811250000000      -0.193875796078512     
   6.81621958333333        1.18708166666667      -0.189715134124936     
   6.81621958333333        1.48335208333333      -0.185843357739463     
   6.81621958333333        1.77962250000000      -0.182094963262592     
   6.81621958333333        2.07589291666667      -0.178427144043219     
   6.81621958333333        2.37216333333333      -0.174823401272148     
   6.81621958333333        2.66843375000000      -0.171249136970347     
   6.81621958333333        2.96470416666667      -0.167700180342818     
   6.81621958333333        3.26097458333333      -0.164126591711706     
   6.81621958333333        3.55724500000000      -0.160477518809425     
   6.81621958333333        3.85351541666667      -0.156746303055247     
   6.81621958333333        4.14978583333333      -0.152987844966613     
   6.81621958333333        4.44605625000000      -0.149296346356642     
   6.81621958333333        4.74232666666667      -0.145766241672557     
   6.81621958333333        5.03859708333333      -0.142471084234152     
   6.81621958333333        5.33486750000000      -0.139465541286965     
   6.81621958333333        5.63113791666667      -0.136766034285880     
   6.81621958333333        5.92740833333333      -0.134348811577697     
   6.81621958333333        6.22367875000000      -0.132128832439346     
   6.81621958333333        6.51994916666667      -0.129792390804996     
   6.81621958333333        6.81621958333333      -0.126027406261311     
   6.81621958333333        7.11249000000000      -0.121858306714847     
   7.11249000000000       2.000000000000000E-003 -0.192848245621562     
   7.11249000000000       0.298270416666667      -0.191578253347550     
   7.11249000000000       0.594540833333333      -0.187130368005723     
   7.11249000000000       0.890811250000000      -0.183619070226154     
   7.11249000000000        1.18708166666667      -0.180466677868990     
   7.11249000000000        1.48335208333333      -0.177257798644866     
   7.11249000000000        1.77962250000000      -0.174009947110076     
   7.11249000000000        2.07589291666667      -0.170806107515893     
   7.11249000000000        2.37216333333333      -0.167700506723298     
   7.11249000000000        2.66843375000000      -0.164626736123321     
   7.11249000000000        2.96470416666667      -0.161576125761019     
   7.11249000000000        3.26097458333333      -0.158491925943436     
   7.11249000000000        3.55724500000000      -0.155311083322774     
   7.11249000000000        3.85351541666667      -0.152012856040612     
   7.11249000000000        4.14978583333333      -0.148640956016599     
   7.11249000000000        4.44605625000000      -0.145283928429155     
   7.11249000000000        4.74232666666667      -0.142037491344058     
   7.11249000000000        5.03859708333333      -0.138980116985141     
   7.11249000000000        5.33486750000000      -0.136167120790239     
   7.11249000000000        5.63113791666667      -0.133595458020032     
   7.11249000000000        5.92740833333333      -0.131204455660796     
   7.11249000000000        6.22367875000000      -0.128899103700418     
   7.11249000000000        6.51994916666667      -0.126680865059529     
   7.11249000000000        6.81621958333333      -0.124630047865091     
   7.11249000000000        7.11249000000000      -0.121807322183097     
