  2.000000000000000E-003  2.000000000000000E-003 -0.214012382566106     
  2.000000000000000E-003  0.298270416666667      -0.224299051396762     
  2.000000000000000E-003  0.594540833333333      -0.231855907803000     
  2.000000000000000E-003  0.890811250000000      -0.237782973454173     
  2.000000000000000E-003   1.18708166666667      -0.243661245984379     
  2.000000000000000E-003   1.48335208333333      -0.250052886114859     
  2.000000000000000E-003   1.77962250000000      -0.257075501504646     
  2.000000000000000E-003   2.07589291666667      -0.264501904041550     
  2.000000000000000E-003   2.37216333333333      -0.271847361393032     
  2.000000000000000E-003   2.66843375000000      -0.278450995941479     
  2.000000000000000E-003   2.96470416666667      -0.283814808528344     
  2.000000000000000E-003   3.26097458333333      -0.287361133654742     
  2.000000000000000E-003   3.55724500000000      -0.288606830038202     
  2.000000000000000E-003   3.85351541666667      -0.287365127958819     
  2.000000000000000E-003   4.14978583333333      -0.283821751869879     
  2.000000000000000E-003   4.44605625000000      -0.278458365287492     
  2.000000000000000E-003   4.74232666666667      -0.271850043756672     
  2.000000000000000E-003   5.03859708333333      -0.264490068076380     
  2.000000000000000E-003   5.33486750000000      -0.257037852200767     
  2.000000000000000E-003   5.63113791666667      -0.249974162683616     
  2.000000000000000E-003   5.92740833333333      -0.243522105775192     
  2.000000000000000E-003   6.22367875000000      -0.237567674133221     
  2.000000000000000E-003   6.51994916666667      -0.231596991823486     
  2.000000000000000E-003   6.81621958333333      -0.224151543774383     
  2.000000000000000E-003   7.11249000000000      -0.213988497019072     
  0.298270416666667       2.000000000000000E-003 -0.224299443346817     
  0.298270416666667       0.298270416666667      -0.233578817051794     
  0.298270416666667       0.594540833333333      -0.241773448579156     
  0.298270416666667       0.890811250000000      -0.249141139015404     
  0.298270416666667        1.18708166666667      -0.256744773770493     
  0.298270416666667        1.48335208333333      -0.265170239644797     
  0.298270416666667        1.77962250000000      -0.274462875321001     
  0.298270416666667        2.07589291666667      -0.284298166282639     
  0.298270416666667        2.37216333333333      -0.293975249278870     
  0.298270416666667        2.66843375000000      -0.302677989749774     
  0.298270416666667        2.96470416666667      -0.309759395733771     
  0.298270416666667        3.26097458333333      -0.314445761575326     
  0.298270416666667        3.55724500000000      -0.316092213632825     
  0.298270416666667        3.85351541666667      -0.314449163205504     
  0.298270416666667        4.14978583333333      -0.309765916227955     
  0.298270416666667        4.44605625000000      -0.302686721870097     
  0.298270416666667        4.74232666666667      -0.293983687444860     
  0.298270416666667        5.03859708333333      -0.284300873401132     
  0.298270416666667        5.33486750000000      -0.274455140187367     
  0.298270416666667        5.63113791666667      -0.265149852024788     
  0.298270416666667        5.92740833333333      -0.256715754386058     
  0.298270416666667        6.22367875000000      -0.249130657483073     
  0.298270416666667        6.51994916666667      -0.241856784763240     
  0.298270416666667        6.81621958333333      -0.233744429044814     
  0.298270416666667        7.11249000000000      -0.224152224472955     
  0.594540833333333       2.000000000000000E-003 -0.231856621254165     
  0.594540833333333       0.298270416666667      -0.241773879985998     
  0.594540833333333       0.594540833333333      -0.250684087424067     
  0.594540833333333       0.890811250000000      -0.260068321081250     
  0.594540833333333        1.18708166666667      -0.270341304183866     
  0.594540833333333        1.48335208333333      -0.281807657263493     
  0.594540833333333        1.77962250000000      -0.294393330559295     
  0.594540833333333        2.07589291666667      -0.307650135231275     
  0.594540833333333        2.37216333333333      -0.320680049931323     
  0.594540833333333        2.66843375000000      -0.332465775398992     
  0.594540833333333        2.96470416666667      -0.342104355852011     
  0.594540833333333        3.26097458333333      -0.348495660579532     
  0.594540833333333        3.55724500000000      -0.350741958362932     
  0.594540833333333        3.85351541666667      -0.348496390435370     
  0.594540833333333        4.14978583333333      -0.342106774220013     
  0.594540833333333        4.44605625000000      -0.332471483248880     
  0.594540833333333        4.74232666666667      -0.320690593598263     
  0.594540833333333        5.03859708333333      -0.307666438769130     
  0.594540833333333        5.33486750000000      -0.294419483042415     
  0.594540833333333        5.63113791666667      -0.281855141472194     
  0.594540833333333        5.92740833333333      -0.270432628696618     
  0.594540833333333        6.22367875000000      -0.260237032784617     
  0.594540833333333        6.51994916666667      -0.250921850773975     
  0.594540833333333        6.81621958333333      -0.241857369739219     
  0.594540833333333        7.11249000000000      -0.231598263631765     
  0.890811250000000       2.000000000000000E-003 -0.237783650627498     
  0.890811250000000       0.298270416666667      -0.249141664961895     
  0.890811250000000       0.594540833333333      -0.260068557707561     
  0.890811250000000       0.890811250000000      -0.272001717047245     
  0.890811250000000        1.18708166666667      -0.285586058528726     
  0.890811250000000        1.48335208333333      -0.300984435946435     
  0.890811250000000        1.77962250000000      -0.318020595231219     
  0.890811250000000        2.07589291666667      -0.336057655280912     
  0.890811250000000        2.37216333333333      -0.353831804241684     
  0.890811250000000        2.66843375000000      -0.370195979294090     
  0.890811250000000        2.96470416666667      -0.383702743255492     
  0.890811250000000        3.26097458333333      -0.392699052166356     
  0.890811250000000        3.55724500000000      -0.395864829494484     
  0.890811250000000        3.85351541666667      -0.392693506974166     
  0.890811250000000        4.14978583333333      -0.383694410458677     
  0.890811250000000        4.44605625000000      -0.370189823453460     
  0.890811250000000        4.74232666666667      -0.353833904288432     
  0.890811250000000        5.03859708333333      -0.336074880677412     
  0.890811250000000        5.33486750000000      -0.318061938022319     
  0.890811250000000        5.63113791666667      -0.301064441916950     
  0.890811250000000        5.92740833333333      -0.285720423961386     
  0.890811250000000        6.22367875000000      -0.272188661464542     
  0.890811250000000        6.51994916666667      -0.260237324714871     
  0.890811250000000        6.81621958333333      -0.249131375414973     
  0.890811250000000        7.11249000000000      -0.237568790582946     
   1.18708166666667       2.000000000000000E-003 -0.243661789469683     
   1.18708166666667       0.298270416666667      -0.256745253566276     
   1.18708166666667       0.594540833333333      -0.270341621513931     
   1.18708166666667       0.890811250000000      -0.285586200235527     
   1.18708166666667        1.18708166666667      -0.303261294874136     
   1.18708166666667        1.48335208333333      -0.323634511690177     
   1.18708166666667        1.77962250000000      -0.346504439018109     
   1.18708166666667        2.07589291666667      -0.370982725795378     
   1.18708166666667        2.37216333333333      -0.395603459347493     
   1.18708166666667        2.66843375000000      -0.418778113329271     
   1.18708166666667        2.96470416666667      -0.438183483456209     
   1.18708166666667        3.26097458333333      -0.451231815838741     
   1.18708166666667        3.55724500000000      -0.455843386769698     
   1.18708166666667        3.85351541666667      -0.451215199110713     
   1.18708166666667        4.14978583333333      -0.438155643694166     
   1.18708166666667        4.44605625000000      -0.418748377896040     
   1.18708166666667        4.74232666666667      -0.395582826822084     
   1.18708166666667        5.03859708333333      -0.370982271456806     
   1.18708166666667        5.33486750000000      -0.346534783373533     
   1.18708166666667        5.63113791666667      -0.323705545247619     
   1.18708166666667        5.92740833333333      -0.303375114380747     
   1.18708166666667        6.22367875000000      -0.285720615901128     
   1.18708166666667        6.51994916666667      -0.270432994505582     
   1.18708166666667        6.81621958333333      -0.256716408985417     
   1.18708166666667        7.11249000000000      -0.243522967180091     
   1.48335208333333       2.000000000000000E-003 -0.250053305563762     
   1.48335208333333       0.298270416666667      -0.265170646838676     
   1.48335208333333       0.594540833333333      -0.281807983755286     
   1.48335208333333       0.890811250000000      -0.300984649202889     
   1.48335208333333        1.18708166666667      -0.323634609540887     
   1.48335208333333        1.48335208333333      -0.350249248695398     
   1.48335208333333        1.77962250000000      -0.380638801876754     
   1.48335208333333        2.07589291666667      -0.413759037829055     
   1.48335208333333        2.37216333333333      -0.448206120631747     
   1.48335208333333        2.66843375000000      -0.481509346070989     
   1.48335208333333        2.96470416666667      -0.510051025512753     
   1.48335208333333        3.26097458333333      -0.529658800916946     
   1.48335208333333        3.55724500000000      -0.536655694007097     
   1.48335208333333        3.85351541666667      -0.529624965018336     
   1.48335208333333        4.14978583333333      -0.509993174363518     
   1.48335208333333        4.44605625000000      -0.481443280479057     
   1.48335208333333        4.74232666666667      -0.448148781360768     
   1.48335208333333        5.03859708333333      -0.413724904695491     
   1.48335208333333        5.33486750000000      -0.380638551822374     
   1.48335208333333        5.63113791666667      -0.350287556297867     
   1.48335208333333        5.92740833333333      -0.323705696629597     
   1.48335208333333        6.22367875000000      -0.301064720171602     
   1.48335208333333        6.51994916666667      -0.281855520456933     
   1.48335208333333        6.81621958333333      -0.265150439261820     
   1.48335208333333        7.11249000000000      -0.249974883244405     
   1.77962250000000       2.000000000000000E-003 -0.257075819260666     
   1.77962250000000       0.298270416666667      -0.274463208862676     
   1.77962250000000       0.594540833333333      -0.294393632730051     
   1.77962250000000       0.890811250000000      -0.318020832257542     
   1.77962250000000        1.18708166666667      -0.346504594655963     
   1.77962250000000        1.48335208333333      -0.380638876351425     
   1.77962250000000        1.77962250000000      -0.420394919256050     
   1.77962250000000        2.07589291666667      -0.465278369826480     
   1.77962250000000        2.37216333333333      -0.513638362578516     
   1.77962250000000        2.66843375000000      -0.562209532840523     
   1.77962250000000        2.96470416666667      -0.605524563798002     
   1.77962250000000        3.26097458333333      -0.636281598255673     
   1.77962250000000        3.55724500000000      -0.647491302171426     
   1.77962250000000        3.85351541666667      -0.636222876990718     
   1.77962250000000        4.14978583333333      -0.605424501873737     
   1.77962250000000        4.44605625000000      -0.562094350234855     
   1.77962250000000        4.74232666666667      -0.513533055394682     
   1.77962250000000        5.03859708333333      -0.465201106834179     
   1.77962250000000        5.33486750000000      -0.420355536313358     
   1.77962250000000        5.63113791666667      -0.380638720895093     
   1.77962250000000        5.92740833333333      -0.346535050390446     
   1.77962250000000        6.22367875000000      -0.318062280688220     
   1.77962250000000        6.51994916666667      -0.294419874947130     
   1.77962250000000        6.81621958333333      -0.274455666975474     
   1.77962250000000        7.11249000000000      -0.257038430332892     
   2.07589291666667       2.000000000000000E-003 -0.264502138768312     
   2.07589291666667       0.298270416666667      -0.284298428156074     
   2.07589291666667       0.594540833333333      -0.307650396741738     
   2.07589291666667       0.890811250000000      -0.336057890504858     
   2.07589291666667        1.18708166666667      -0.370982918418435     
   2.07589291666667        1.48335208333333      -0.413759174625017     
   2.07589291666667        1.77962250000000      -0.465278439318093     
   2.07589291666667        2.07589291666667      -0.525623511634612     
   2.07589291666667        2.37216333333333      -0.593538527699122     
   2.07589291666667        2.66843375000000      -0.665323262119868     
   2.07589291666667        2.96470416666667      -0.733010643778496     
   2.07589291666667        3.26097458333333      -0.783600535917850     
   2.07589291666667        3.55724500000000      -0.802636463974631     
   2.07589291666667        3.85351541666667      -0.783507726816635     
   2.07589291666667        4.14978583333333      -0.732855463366982     
   2.07589291666667        4.44605625000000      -0.665148173560869     
   2.07589291666667        4.74232666666667      -0.593379286499776     
   2.07589291666667        5.03859708333333      -0.525501316663021     
   2.07589291666667        5.33486750000000      -0.465201359086651     
   2.07589291666667        5.63113791666667      -0.413725340642041     
   2.07589291666667        5.92740833333333      -0.370982695919627     
   2.07589291666667        6.22367875000000      -0.336075371898564     
   2.07589291666667        6.51994916666667      -0.307666929713666     
   2.07589291666667        6.81621958333333      -0.284301367443019     
   2.07589291666667        7.11249000000000      -0.264490608212100     
   2.37216333333333       2.000000000000000E-003 -0.271847535950951     
   2.37216333333333       0.298270416666667      -0.293975458958320     
   2.37216333333333       0.594540833333333      -0.320680283514262     
   2.37216333333333       0.890811250000000      -0.353832046710623     
   2.37216333333333        1.18708166666667      -0.395603690297023     
   2.37216333333333        1.48335208333333      -0.448206314209908     
   2.37216333333333        1.77962250000000      -0.513638492954065     
   2.37216333333333        2.07589291666667      -0.593538590847700     
   2.37216333333333        2.37216333333333      -0.688329411998595     
   2.37216333333333        2.66843375000000      -0.795105349345122     
   2.37216333333333        2.96470416666667      -0.903304880283140     
   2.37216333333333        3.26097458333333      -0.989929234708720     
   2.37216333333333        3.55724500000000       -1.02399813009444     
   2.37216333333333        3.85351541666667      -0.989792494005129     
   2.37216333333333        4.14978583333333      -0.903084632081002     
   2.37216333333333        4.44605625000000      -0.794867423563545     
   2.37216333333333        4.74232666666667      -0.688120204890987     
   2.37216333333333        5.03859708333333      -0.593379708450421     
   2.37216333333333        5.33486750000000      -0.513533696625667     
   2.37216333333333        5.63113791666667      -0.448149468645326     
   2.37216333333333        5.92740833333333      -0.395583515426084     
   2.37216333333333        6.22367875000000      -0.353834540292509     
   2.37216333333333        6.51994916666667      -0.320691137858568     
   2.37216333333333        6.81621958333333      -0.293984186404721     
   2.37216333333333        7.11249000000000      -0.271850551206521     
   2.66843375000000       2.000000000000000E-003 -0.278451137232423     
   2.66843375000000       0.298270416666667      -0.302678174474017     
   2.66843375000000       0.594540833333333      -0.332466002055648     
   2.66843375000000       0.890811250000000      -0.370196237887223     
   2.66843375000000        1.18708166666667      -0.418778381776973     
   2.66843375000000        1.48335208333333      -0.481509590714621     
   2.66843375000000        1.77962250000000      -0.562209724172402     
   2.66843375000000        2.07589291666667      -0.665323386074814     
   2.66843375000000        2.37216333333333      -0.795105398121495     
   2.66843375000000        2.66843375000000      -0.952061478754497     
   2.66843375000000        2.96470416666667       -1.12376136296942     
   2.66843375000000        3.26097458333333       -1.27173706692302     
   2.66843375000000        3.55724500000000       -1.33331936953406     
   2.66843375000000        3.85351541666667       -1.27154716665042     
   2.66843375000000        4.14978583333333       -1.12347685494979     
   2.66843375000000        4.44605625000000      -0.951776143747291     
   2.66843375000000        4.74232666666667      -0.794868251914351     
   2.66843375000000        5.03859708333333      -0.665149347060286     
   2.66843375000000        5.33486750000000      -0.562095493540946     
   2.66843375000000        5.63113791666667      -0.481444355997554     
   2.66843375000000        5.92740833333333      -0.418749295307382     
   2.66843375000000        6.22367875000000      -0.370190644310614     
   2.66843375000000        6.51994916666667      -0.332472114472404     
   2.66843375000000        6.81621958333333      -0.302687307379819     
   2.66843375000000        7.11249000000000      -0.278458859069497     
   2.96470416666667       2.000000000000000E-003 -0.283814928456895     
   2.96470416666667       0.298270416666667      -0.309759565680350     
   2.96470416666667       0.594540833333333      -0.342104580346195     
   2.96470416666667       0.890811250000000      -0.383703015701984     
   2.96470416666667        1.18708166666667      -0.438183782398889     
   2.96470416666667        1.48335208333333      -0.510051316151640     
   2.96470416666667        1.77962250000000      -0.605524821500263     
   2.96470416666667        2.07589291666667      -0.733010832069323     
   2.96470416666667        2.37216333333333      -0.903304966662095     
   2.96470416666667        2.66843375000000       -1.12376136568855     
   2.96470416666667        2.96470416666667       -1.37814895846995     
   2.96470416666667        3.26097458333333       -1.60273488437389     
   2.96470416666667        3.55724500000000       -1.69800193006846     
   2.96470416666667        3.85351541666667       -1.60249254573107     
   2.96470416666667        4.14978583333333       -1.37783264299998     
   2.96470416666667        4.44605625000000       -1.12347866447220     
   2.96470416666667        4.74232666666667      -0.903086921972962     
   2.96470416666667        5.03859708333333      -0.732857660093796     
   2.96470416666667        5.33486750000000      -0.605426339992724     
   2.96470416666667        5.63113791666667      -0.509994673647749     
   2.96470416666667        5.92740833333333      -0.438156810219304     
   2.96470416666667        6.22367875000000      -0.383695339986318     
   2.96470416666667        6.51994916666667      -0.342107461458855     
   2.96470416666667        6.81621958333333      -0.309766497470108     
   2.96470416666667        7.11249000000000      -0.283822260119401     
   3.26097458333333       2.000000000000000E-003 -0.287361234438479     
   3.26097458333333       0.298270416666667      -0.314445916123260     
   3.26097458333333       0.594540833333333      -0.348495877358283     
   3.26097458333333       0.890811250000000      -0.392699327302125     
   3.26097458333333        1.18708166666667      -0.451232131082950     
   3.26097458333333        1.48335208333333      -0.529659129583964     
   3.26097458333333        1.77962250000000      -0.636281919615629     
   3.26097458333333        2.07589291666667      -0.783600798150597     
   3.26097458333333        2.37216333333333      -0.989929389970457     
   3.26097458333333        2.66843375000000       -1.27173711907597     
   3.26097458333333        2.96470416666667       -1.60273487212608     
   3.26097458333333        3.26097458333333       -1.85883037652051     
   3.26097458333333        3.55724500000000       -1.95609924891812     
   3.26097458333333        3.85351541666667       -1.85859733863862     
   3.26097458333333        4.14978583333333       -1.60249560512242     
   3.26097458333333        4.44605625000000       -1.27155207478698     
   3.26097458333333        4.74232666666667      -0.989796908549550     
   3.26097458333333        5.03859708333333      -0.783511101915265     
   3.26097458333333        5.33486750000000      -0.636225406074782     
   3.26097458333333        5.63113791666667      -0.529626871695626     
   3.26097458333333        5.92740833333333      -0.451216607426641     
   3.26097458333333        6.22367875000000      -0.392694555706209     
   3.26097458333333        6.51994916666667      -0.348497075055282     
   3.26097458333333        6.81621958333333      -0.314449696840300     
   3.26097458333333        7.11249000000000      -0.287365631872810     
   3.55724500000000       2.000000000000000E-003 -0.288606911024383     
   3.55724500000000       0.298270416666667      -0.316092348291852     
   3.55724500000000       0.594540833333333      -0.350742157150547     
   3.55724500000000       0.890811250000000      -0.395865090993926     
   3.55724500000000        1.18708166666667      -0.455843697014220     
   3.55724500000000        1.48335208333333      -0.536656035285799     
   3.55724500000000        1.77962250000000      -0.647491660409436     
   3.55724500000000        2.07589291666667      -0.802636793389948     
   3.55724500000000        2.37216333333333       -1.02399840643567     
   3.55724500000000        2.66843375000000       -1.33331965864874     
   3.55724500000000        2.96470416666667       -1.69800227582005     
   3.55724500000000        3.26097458333333       -1.95609940490590     
   3.55724500000000        3.55724500000000       -2.09736853116912     
   3.55724500000000        3.85351541666667       -1.95610255612331     
   3.55724500000000        4.14978583333333       -1.69800942731209     
   3.55724500000000        4.44605625000000       -1.33332756978305     
   3.55724500000000        4.74232666666667       -1.02400451197388     
   3.55724500000000        5.03859708333333      -0.802641038051093     
   3.55724500000000        5.33486750000000      -0.647494412651343     
   3.55724500000000        5.63113791666667      -0.536657868592419     
   3.55724500000000        5.92740833333333      -0.455844940391449     
   3.55724500000000        6.22367875000000      -0.395865876155475     
   3.55724500000000        6.51994916666667      -0.350742633148543     
   3.55724500000000        6.81621958333333      -0.316092854010475     
   3.55724500000000        7.11249000000000      -0.288607308719744     
   3.85351541666667       2.000000000000000E-003 -0.287365191112648     
   3.85351541666667       0.298270416666667      -0.314449275408411     
   3.85351541666667       0.594540833333333      -0.348496562057639     
   3.85351541666667       0.890811250000000      -0.392693738987215     
   3.85351541666667        1.18708166666667      -0.451215480766542     
   3.85351541666667        1.48335208333333      -0.529625279742357     
   3.85351541666667        1.77962250000000      -0.636223220490119     
   3.85351541666667        2.07589291666667      -0.783508070069396     
   3.85351541666667        2.37216333333333      -0.989792850731024     
   3.85351541666667        2.66843375000000       -1.27154769278501     
   3.85351541666667        2.96470416666667       -1.60249345333554     
   3.85351541666667        3.26097458333333       -1.85859834947371     
   3.85351541666667        3.55724500000000       -1.95610329419518     
   3.85351541666667        3.85351541666667       -1.85883745550176     
   3.85351541666667        4.14978583333333       -1.60274673688701     
   3.85351541666667        4.44605625000000       -1.27174781302503     
   3.85351541666667        4.74232666666667      -0.989936827583741     
   3.85351541666667        5.03859708333333      -0.783605536835682     
   3.85351541666667        5.33486750000000      -0.636285039237122     
   3.85351541666667        5.63113791666667      -0.529661222178398     
   3.85351541666667        5.92740833333333      -0.451233499108540     
   3.85351541666667        6.22367875000000      -0.392700215525741     
   3.85351541666667        6.51994916666667      -0.348496373663160     
   3.85351541666667        6.81621958333333      -0.314446278862856     
   3.85351541666667        7.11249000000000      -0.287361571118262     
   4.14978583333333       2.000000000000000E-003 -0.283821801567315     
   4.14978583333333       0.298270416666667      -0.309766007345413     
   4.14978583333333       0.594540833333333      -0.342106915181195     
   4.14978583333333       0.890811250000000      -0.383694603713630     
   4.14978583333333        1.18708166666667      -0.438155880384713     
   4.14978583333333        1.48335208333333      -0.509993431292454     
   4.14978583333333        1.77962250000000      -0.605424775402488     
   4.14978583333333        2.07589291666667      -0.732855742272158     
   4.14978583333333        2.37216333333333      -0.903084941047486     
   4.14978583333333        2.66843375000000       -1.12347734440194     
   4.14978583333333        2.96470416666667       -1.37783354902663     
   4.14978583333333        3.26097458333333       -1.60249691626528     
   4.14978583333333        3.55724500000000       -1.69801070955378     
   4.14978583333333        3.85351541666667       -1.60274741948327     
   4.14978583333333        4.14978583333333       -1.37816148705485     
   4.14978583333333        4.44605625000000       -1.12377151223927     
   4.14978583333333        4.74232666666667      -0.903311928188889     
   4.14978583333333        5.03859708333333      -0.733015555752039     
   4.14978583333333        5.33486750000000      -0.605527952146414     
   4.14978583333333        5.63113791666667      -0.510053412103622     
   4.14978583333333        5.92740833333333      -0.438185115005273     
   4.14978583333333        6.22367875000000      -0.383703827773072     
   4.14978583333333        6.51994916666667      -0.342105098074281     
   4.14978583333333        6.81621958333333      -0.309759903202336     
   4.14978583333333        7.11249000000000      -0.283815204691336     
   4.44605625000000       2.000000000000000E-003 -0.278458412803210     
   4.44605625000000       0.298270416666667      -0.302686801123720     
   4.44605625000000       0.594540833333333      -0.332471598981507     
   4.44605625000000       0.890811250000000      -0.370189978559597     
   4.44605625000000        1.18708166666667      -0.418748566189190     
   4.44605625000000        1.48335208333333      -0.481443478207485     
   4.44605625000000        1.77962250000000      -0.562094532748118     
   4.44605625000000        2.07589291666667      -0.665148346267601     
   4.44605625000000        2.37216333333333      -0.794867609601070     
   4.44605625000000        2.66843375000000      -0.951776441709961     
   4.44605625000000        2.96470416666667       -1.12347923402204     
   4.44605625000000        3.26097458333333       -1.27155296933408     
   4.44605625000000        3.55724500000000       -1.33332856114838     
   4.44605625000000        3.85351541666667       -1.27174852431812     
   4.44605625000000        4.14978583333333       -1.12377179820928     
   4.44605625000000        4.44605625000000      -0.952069562452544     
   4.44605625000000        4.74232666666667      -0.795111278618811     
   4.44605625000000        5.03859708333333      -0.665327589255947     
   4.44605625000000        5.33486750000000      -0.562212567234791     
   4.44605625000000        5.63113791666667      -0.481511549377097     
   4.44605625000000        5.92740833333333      -0.418779536116817     
   4.44605625000000        6.22367875000000      -0.370196977790088     
   4.44605625000000        6.51994916666667      -0.332466428695817     
   4.44605625000000        6.81621958333333      -0.302678476081835     
   4.44605625000000        7.11249000000000      -0.278451370813229     
   4.74232666666667       2.000000000000000E-003 -0.271850110388950     
   4.74232666666667       0.298270416666667      -0.293983773427641     
   4.74232666666667       0.594540833333333      -0.320690697593715     
   4.74232666666667       0.890811250000000      -0.353834029255960     
   4.74232666666667        1.18708166666667      -0.395582972141847     
   4.74232666666667        1.48335208333333      -0.448148932045515     
   4.74232666666667        1.77962250000000      -0.513533172672672     
   4.74232666666667        2.07589291666667      -0.593379373079816     
   4.74232666666667        2.37216333333333      -0.688120288843886     
   4.74232666666667        2.66843375000000      -0.794868396714515     
   4.74232666666667        2.96470416666667      -0.903087222831344     
   4.74232666666667        3.26097458333333      -0.989797410558112     
   4.74232666666667        3.55724500000000       -1.02400511714531     
   4.74232666666667        3.85351541666667      -0.989937345331130     
   4.74232666666667        4.14978583333333      -0.903312239500221     
   4.74232666666667        4.44605625000000      -0.795111399311778     
   4.74232666666667        4.74232666666667      -0.688334050218645     
   4.74232666666667        5.03859708333333      -0.593541948552828     
   4.74232666666667        5.33486750000000      -0.513640867003169     
   4.74232666666667        5.63113791666667      -0.448207942524662     
   4.74232666666667        5.92740833333333      -0.395604686229723     
   4.74232666666667        6.22367875000000      -0.353832668964674     
   4.74232666666667        6.51994916666667      -0.320680582111355     
   4.74232666666667        6.81621958333333      -0.293975590370297     
   4.74232666666667        7.11249000000000      -0.271847643549752     
   5.03859708333333       2.000000000000000E-003 -0.264490195549907     
   5.03859708333333       0.298270416666667      -0.284300999773922     
   5.03859708333333       0.594540833333333      -0.307666549361403     
   5.03859708333333       0.890811250000000      -0.336074983832952     
   5.03859708333333        1.18708166666667      -0.370982378064050     
   5.03859708333333        1.48335208333333      -0.413725015404555     
   5.03859708333333        1.77962250000000      -0.465201203025957     
   5.03859708333333        2.07589291666667      -0.525501372269443     
   5.03859708333333        2.37216333333333      -0.593379753071361     
   5.03859708333333        2.66843375000000      -0.665149430779361     
   5.03859708333333        2.96470416666667      -0.732857842091073     
   5.03859708333333        3.26097458333333      -0.783511408926395     
   5.03859708333333        3.55724500000000      -0.802641426238177     
   5.03859708333333        3.85351541666667      -0.783605909457538     
   5.03859708333333        4.14978583333333      -0.733015833659085     
   5.03859708333333        4.44605625000000      -0.665327752337068     
   5.03859708333333        4.74232666666667      -0.593542016468646     
   5.03859708333333        5.03859708333333      -0.525626199107223     
   5.03859708333333        5.33486750000000      -0.465280348146962     
   5.03859708333333        5.63113791666667      -0.413760467294454     
   5.03859708333333        5.92740833333333      -0.370983690554431     
   5.03859708333333        6.22367875000000      -0.336058397784424     
   5.03859708333333        6.51994916666667      -0.307650676092800     
   5.03859708333333        6.81621958333333      -0.284298514954965     
   5.03859708333333        7.11249000000000      -0.264502180201328     
   5.33486750000000       2.000000000000000E-003 -0.257038112831294     
   5.33486750000000       0.298270416666667      -0.274455373849959     
   5.33486750000000       0.594540833333333      -0.294419650229748     
   5.33486750000000       0.890811250000000      -0.318062037647500     
   5.33486750000000        1.18708166666667      -0.346534845627412     
   5.33486750000000        1.48335208333333      -0.380638616174094     
   5.33486750000000        1.77962250000000      -0.420355606386006     
   5.33486750000000        2.07589291666667      -0.465201423236146     
   5.33486750000000        2.37216333333333      -0.513533753481326     
   5.33486750000000        2.66843375000000      -0.562095581712752     
   5.33486750000000        2.96470416666667      -0.605426498478691     
   5.33486750000000        3.26097458333333      -0.636225649686908     
   5.33486750000000        3.55724500000000      -0.647494716065821     
   5.33486750000000        3.85351541666667      -0.636285347048339     
   5.33486750000000        4.14978583333333      -0.605528210710488     
   5.33486750000000        4.44605625000000      -0.562212750627922     
   5.33486750000000        4.74232666666667      -0.513640975346372     
   5.33486750000000        5.03859708333333      -0.465280394962434     
   5.33486750000000        5.33486750000000      -0.420396424950441     
   5.33486750000000        5.63113791666667      -0.380639884018783     
   5.33486750000000        5.92740833333333      -0.346505183838931     
   5.33486750000000        6.22367875000000      -0.318021167790632     
   5.33486750000000        6.51994916666667      -0.294393669453498     
   5.33486750000000        6.81621958333333      -0.274463160267722     
   5.33486750000000        7.11249000000000      -0.257075738317894     
   5.63113791666667       2.000000000000000E-003 -0.249974574142963     
   5.63113791666667       0.298270416666667      -0.265150207010779     
   5.63113791666667       0.594540833333333      -0.281855371294952     
   5.63113791666667       0.890811250000000      -0.301064546348890     
   5.63113791666667        1.18708166666667      -0.323705571054924     
   5.63113791666667        1.48335208333333      -0.350287559260603     
   5.63113791666667        1.77962250000000      -0.380638745843329     
   5.63113791666667        2.07589291666667      -0.413725388319814     
   5.63113791666667        2.37216333333333      -0.448149535706189     
   5.63113791666667        2.66843375000000      -0.481444454745499     
   5.63113791666667        2.96470416666667      -0.509994828976001     
   5.63113791666667        3.26097458333333      -0.529627091900572     
   5.63113791666667        3.55724500000000      -0.536658135678006     
   5.63113791666667        3.85351541666667      -0.529661497135495     
   5.63113791666667        4.14978583333333      -0.510053656667196     
   5.63113791666667        4.44605625000000      -0.481511739274368     
   5.63113791666667        4.74232666666667      -0.448208075861326     
   5.63113791666667        5.03859708333333      -0.413760547870637     
   5.63113791666667        5.33486750000000      -0.380639918092002     
   5.63113791666667        5.63113791666667      -0.350250018178637     
   5.63113791666667        5.92740833333333      -0.323635013686352     
   5.63113791666667        6.22367875000000      -0.300984782699104     
   5.63113791666667        6.51994916666667      -0.281807913435651     
   5.63113791666667        6.81621958333333      -0.265170555603842     
   5.63113791666667        7.11249000000000      -0.250053202022212     
   5.92740833333333       2.000000000000000E-003 -0.243522705286842     
   5.92740833333333       0.298270416666667      -0.256716249891610     
   5.92740833333333       0.594540833333333      -0.270432899780473     
   5.92740833333333       0.890811250000000      -0.285720493158890     
   5.92740833333333        1.18708166666667      -0.303375077731862     
   5.92740833333333        1.48335208333333      -0.323705637425196     
   5.92740833333333        1.77962250000000      -0.346535013115377     
   5.92740833333333        2.07589291666667      -0.370982704977887     
   5.92740833333333        2.37216333333333      -0.395583561968249     
   5.92740833333333        2.66843375000000      -0.418749378989382     
   5.92740833333333        2.96470416666667      -0.438156938474003     
   5.92740833333333        3.26097458333333      -0.451216784628284     
   5.92740833333333        3.55724500000000      -0.455845157249582     
   5.92740833333333        3.85351541666667      -0.451233733026521     
   5.92740833333333        4.14978583333333      -0.438185340035160     
   5.92740833333333        4.44605625000000      -0.418779730957247     
   5.92740833333333        4.74232666666667      -0.395604836694109     
   5.92740833333333        5.03859708333333      -0.370983789909995     
   5.92740833333333        5.33486750000000      -0.346505233678312     
   5.92740833333333        5.63113791666667      -0.323635022165324     
   5.92740833333333        5.92740833333333      -0.303261578256838     
   5.92740833333333        6.22367875000000      -0.285586159869061     
   5.92740833333333        6.51994916666667      -0.270341429709279     
   5.92740833333333        6.81621958333333      -0.256745025809625     
   5.92740833333333        7.11249000000000      -0.243661727334991     
   6.22367875000000       2.000000000000000E-003 -0.237568543913124     
   6.22367875000000       0.298270416666667      -0.249131332295414     
   6.22367875000000       0.594540833333333      -0.260237307133104     
   6.22367875000000       0.890811250000000      -0.272188630219854     
   6.22367875000000        1.18708166666667      -0.285720464113170     
   6.22367875000000        1.48335208333333      -0.301064575259789     
   6.22367875000000        1.77962250000000      -0.318062183197977     
   6.22367875000000        2.07589291666667      -0.336075328838878     
   6.22367875000000        2.37216333333333      -0.353834549543700     
   6.22367875000000        2.66843375000000      -0.370190699143967     
   6.22367875000000        2.96470416666667      -0.383695441004612     
   6.22367875000000        3.26097458333333      -0.392694703591041     
   6.22367875000000        3.55724500000000      -0.395866064124009     
   6.22367875000000        3.85351541666667      -0.392700426922878     
   6.22367875000000        4.14978583333333      -0.383704039713339     
   6.22367875000000        4.44605625000000      -0.370197166487146     
   6.22367875000000        4.74232666666667      -0.353832815392235     
   6.22367875000000        5.03859708333333      -0.336058491977227     
   6.22367875000000        5.33486750000000      -0.318021203798747     
   6.22367875000000        5.63113791666667      -0.300984749756512     
   6.22367875000000        5.92740833333333      -0.285586092050899     
   6.22367875000000        6.22367875000000      -0.272001622153700     
   6.22367875000000        6.51994916666667      -0.260068288114859     
   6.22367875000000        6.81621958333333      -0.249141362936616     
   6.22367875000000        7.11249000000000      -0.237783556166950     
   6.51994916666667       2.000000000000000E-003 -0.231598055606551     
   6.51994916666667       0.298270416666667      -0.241857524589357     
   6.51994916666667       0.594540833333333      -0.250921992256106     
   6.51994916666667       0.890811250000000      -0.260237097595699     
   6.51994916666667        1.18708166666667      -0.270432671988237     
   6.51994916666667        1.48335208333333      -0.281855259281757     
   6.51994916666667        1.77962250000000      -0.294419706455539     
   6.51994916666667        2.07589291666667      -0.307666825328159     
   6.51994916666667        2.37216333333333      -0.320691092928997     
   6.51994916666667        2.66843375000000      -0.332472121796707     
   6.51994916666667        2.96470416666667      -0.342107519045595     
   6.51994916666667        3.26097458333333      -0.348497181117836     
   6.51994916666667        3.55724500000000      -0.350742780316728     
   6.51994916666667        3.85351541666667      -0.348496545996869     
   6.51994916666667        4.14978583333333      -0.342105272126791     
   6.51994916666667        4.44605625000000      -0.332466579667193     
   6.51994916666667        4.74232666666667      -0.320680691544019     
   6.51994916666667        5.03859708333333      -0.307650736653199     
   6.51994916666667        5.33486750000000      -0.294393652059396     
   6.51994916666667        5.63113791666667      -0.281807781468167     
   6.51994916666667        5.92740833333333      -0.270341205334932     
   6.51994916666667        6.22367875000000      -0.260068079765953     
   6.51994916666667        6.51994916666667      -0.250683686680728     
   6.51994916666667        6.81621958333333      -0.241773548360742     
   6.51994916666667        7.11249000000000      -0.231856575355853     
   6.81621958333333       2.000000000000000E-003 -0.224152150660959     
   6.81621958333333       0.298270416666667      -0.233744692140413     
   6.81621958333333       0.594540833333333      -0.241857094091374     
   6.81621958333333       0.890811250000000      -0.249130855116944     
   6.81621958333333        1.18708166666667      -0.256715890069529     
   6.81621958333333        1.48335208333333      -0.265150048395646     
   6.81621958333333        1.77962250000000      -0.274455413494812     
   6.81621958333333        2.07589291666667      -0.284301192964137     
   6.81621958333333        2.37216333333333      -0.293984068530375     
   6.81621958333333        2.66843375000000      -0.302687242688381     
   6.81621958333333        2.96470416666667      -0.309766483492730     
   6.81621958333333        3.26097458333333      -0.314449729958538     
   6.81621958333333        3.55724500000000      -0.316092926458552     
   6.81621958333333        3.85351541666667      -0.314446376474936     
   6.81621958333333        4.14978583333333      -0.309760002742550     
   6.81621958333333        4.44605625000000      -0.302678553492311     
   6.81621958333333        4.74232666666667      -0.293975631097137     
   6.81621958333333        5.03859708333333      -0.284298513915305     
   6.81621958333333        5.33486750000000      -0.274463061834628     
   6.81621958333333        5.63113791666667      -0.265170299273307     
   6.81621958333333        5.92740833333333      -0.256744612732464     
   6.81621958333333        6.22367875000000      -0.249140871199397     
   6.81621958333333        6.51994916666667      -0.241773152302153     
   6.81621958333333        6.81621958333333      -0.233578682113779     
   6.81621958333333        7.11249000000000      -0.224299520010632     
   7.11249000000000       2.000000000000000E-003 -0.213988366931060     
   7.11249000000000       0.298270416666667      -0.224151762365262     
   7.11249000000000       0.594540833333333      -0.231597510460131     
   7.11249000000000       0.890811250000000      -0.237568016123936     
   7.11249000000000        1.18708166666667      -0.243522299879848     
   7.11249000000000        1.48335208333333      -0.249974387541821     
   7.11249000000000        1.77962250000000      -0.257038091563825     
   7.11249000000000        2.07589291666667      -0.264490354414725     
   7.11249000000000        2.37216333333333      -0.271850347517564     
   7.11249000000000        2.66843375000000      -0.278458703487723     
   7.11249000000000        2.96470416666667      -0.283822151168570     
   7.11249000000000        3.26097458333333      -0.287365565963128     
   7.11249000000000        3.55724500000000      -0.288607278928236     
   7.11249000000000        3.85351541666667      -0.287361566227104     
   7.11249000000000        4.14978583333333      -0.283815203790962     
   7.11249000000000        4.44605625000000      -0.278451352775268     
   7.11249000000000        4.74232666666667      -0.271847598802826     
   7.11249000000000        5.03859708333333      -0.264502106485554     
   7.11249000000000        5.33486750000000      -0.257075561774601     
   7.11249000000000        5.63113791666667      -0.250052852854110     
   7.11249000000000        5.92740833333333      -0.243661196046456     
   7.11249000000000        6.22367875000000      -0.237782899279860     
   7.11249000000000        6.51994916666667      -0.231855924429379     
   7.11249000000000        6.81621958333333      -0.224299137623912     
   7.11249000000000        7.11249000000000      -0.214012367732852     
